seq,ax,ay,az,wroll,wpitch,wyaw,roll,pitch,yaw,q0,q1,q2,q3
61,0.776539,-8.962157,0.035727,-31.133804,-10.871120,18.045164,-89.771683,-4.951992,87.356018,0.532996,-0.488768,-0.509039,0.466798
62,0.107137,-7.678154,-5.694503,-24.953600,-7.810360,21.292610,-92.068275,-4.375263,87.604187,0.519702,-0.500750,-0.516955,0.460345
63,0.000144,-7.426669,-5.738002,-15.472543,-6.928844,23.247887,-95.437027,-3.337465,88.006584,0.498688,-0.518337,-0.527847,0.451680
64,-0.134403,-7.141312,-5.518179,-5.449477,-5.536073,22.755594,-98.321495,-2.256682,88.277855,0.479586,-0.533866,-0.535999,0.444624
65,-0.419664,-7.107518,-5.768294,2.460519,-5.724088,23.789297,-100.739594,-1.129723,88.437233,0.462396,-0.547562,-0.541600,0.439358
66,-0.575049,-7.593800,-5.951335,8.262040,-8.242126,25.631804,-102.757713,0.081284,88.550919,0.446512,-0.559706,-0.545108,0.436134
67,-0.899583,-7.844192,-6.106666,11.201341,-9.322683,18.218100,-104.430832,1.236541,88.672539,0.432245,-0.569864,-0.547568,0.434267
68,-1.225523,-7.886229,-5.492496,6.705343,-7.104171,7.423093,-105.873138,2.162364,88.795357,0.420018,-0.578004,-0.550061,0.432352
69,-1.650808,-8.053782,-4.796932,3.563654,-4.641554,0.998564,-107.056602,2.904161,88.892494,0.409959,-0.584453,-0.552164,0.430655
70,-1.845978,-8.391514,-4.524458,6.007588,-3.369222,-7.873390,-107.899918,3.465534,88.999878,0.402415,-0.588875,-0.553736,0.429727
71,-1.915445,-9.078688,-4.221534,13.083341,-0.957043,-18.585659,-108.279114,3.679708,89.160301,0.398778,-0.590160,-0.555168,0.429507
72,-2.022645,-9.518482,-4.852078,23.195890,3.229800,-23.232458,-108.275612,3.577055,89.302971,0.398782,-0.589104,-0.556278,0.429516
73,-2.082577,-10.021801,-5.813962,28.280125,6.328696,-19.865149,-108.211136,3.388754,89.326553,0.399981,-0.588117,-0.556871,0.428985
74,-1.763447,-10.390106,-6.964257,24.824722,9.278140,-18.411520,-108.393440,3.153672,89.215019,0.400654,-0.588486,-0.557867,0.426550
75,-1.340647,-10.204328,-7.270807,11.229117,14.498271,-16.752172,-109.071030,2.781348,88.953148,0.400022,-0.590852,-0.560420,0.420482
76,-0.895111,-9.185391,-7.508032,-6.865288,20.202200,-13.438960,-110.459190,2.300633,88.500893,0.396907,-0.596268,-0.564884,0.409678
77,-0.414877,-8.345910,-6.843213,-26.642939,24.032358,-8.583280,-112.552063,1.755097,87.879845,0.390890,-0.604726,-0.570944,0.394377
78,-0.097125,-7.791666,-6.570502,-35.934231,24.607769,-6.308171,-115.029678,1.155471,87.189423,0.383088,-0.614618,-0.577707,0.376487
79,0.155607,-7.193311,-6.133864,-39.124603,22.747837,-5.066282,-117.576660,0.508526,86.538025,0.374720,-0.624321,-0.584535,0.357948
80,0.186902,-6.699028,-5.931885,-36.195724,19.043058,-3.259851,-119.982094,-0.097243,85.984344,0.366323,-0.633105,-0.590798,0.340504
81,0.124456,-6.379159,-5.767832,-30.321537,14.180038,-2.544366,-122.110611,-0.561710,85.561104,0.358120,-0.640660,-0.596087,0.325553
82,0.084761,-6.198487,-5.752103,-21.260960,8.225901,-2.097330,-123.866226,-0.859871,85.297089,0.350541,-0.646615,-0.600405,0.313886
83,0.233760,-6.017119,-5.584373,-12.235222,3.275819,-2.727605,-125.199982,-1.066700,85.195053,0.344344,-0.650616,-0.604040,0.305387
84,0.380802,-6.126075,-5.488664,-5.252361,-1.108069,-4.667230,-126.109550,-1.281920,85.249084,0.340155,-0.652454,-0.607368,0.299505
85,0.541334,-6.525395,-5.361547,-0.098612,-3.473073,-8.471640,-126.596474,-1.570708,85.449646,0.338376,-0.652039,-0.610591,0.295848
86,1.067643,-7.120087,-5.467377,3.088696,-4.333326,-10.965516,-126.722641,-2.053690,85.752220,0.339419,-0.649466,-0.613981,0.293285
87,1.417726,-7.838743,-5.695293,3.024590,-3.018934,-14.561361,-126.643745,-2.775602,86.104706,0.342759,-0.645324,-0.617759,0.290599
88,1.598564,-8.449245,-5.853989,0.803060,-1.016299,-17.429392,-126.497025,-3.651142,86.471138,0.347253,-0.640413,-0.621819,0.287452
89,1.672586,-8.739787,-5.830519,0.092367,0.230968,-17.527805,-126.322884,-4.565213,86.816460,0.352149,-0.635350,-0.625746,0.284188
90,1.833477,-8.561571,-5.883205,1.521011,0.628266,-15.656205,-126.142700,-5.448385,87.118904,0.357014,-0.630523,-0.629292,0.281023
91,1.630828,-8.156179,-5.501498,2.745129,-0.143366,-13.503739,-125.944443,-6.218194,87.384804,0.361465,-0.626117,-0.632258,0.278513
92,1.553979,-7.814488,-5.204482,5.370081,-3.582421,-8.526630,-125.665359,-6.762508,87.632515,0.365215,-0.622196,-0.634325,0.277707
93,1.505037,-7.327369,-4.941159,7.468552,-7.067308,-2.525556,-125.326111,-7.050285,87.866722,0.367978,-0.618921,-0.635504,0.278681
94,1.589134,-7.249520,-5.007055,8.950419,-10.056283,4.398694,-124.985909,-7.100899,88.071022,0.369576,-0.616534,-0.635904,0.280936
95,1.364260,-7.515391,-5.337679,9.298354,-13.175056,10.007691,-124.692055,-6.860389,88.250206,0.369464,-0.615349,-0.635524,0.284519
96,1.056607,-7.801820,-5.719766,8.864830,-15.259455,14.937900,-124.484108,-6.276540,88.414024,0.367131,-0.615606,-0.634367,0.289522
97,0.692206,-8.051088,-5.905465,7.144838,-15.979856,19.692865,-124.359619,-5.390122,88.532761,0.362861,-0.617315,-0.632350,0.295613
98,0.222826,-8.406683,-6.114391,5.525546,-16.083946,23.344833,-124.288002,-4.240686,88.583809,0.357068,-0.620343,-0.629348,0.302650
99,-0.568914,-8.418546,-6.113184,3.352349,-15.625202,23.069420,-124.273277,-2.848628,88.596069,0.349744,-0.624431,-0.625546,0.310575
100,-1.243043,-8.255072,-5.854064,1.109010,-14.060419,21.637749,-124.307564,-1.275669,88.591728,0.341177,-0.629193,-0.621180,0.319140
101,-1.629605,-8.268888,-5.723070,-0.064547,-12.315715,19.888903,-124.346687,0.343999,88.566315,0.332325,-0.634090,-0.616461,0.327820
102,-1.876491,-8.075305,-5.674257,0.655598,-9.399123,15.788644,-124.381393,1.861580,88.529091,0.324021,-0.638622,-0.611851,0.335872
103,-2.040365,-7.826245,-5.506216,1.519149,-5.640204,11.094783,-124.405228,3.183550,88.481247,0.316826,-0.642537,-0.607644,0.342836
104,-1.971363,-7.811849,-5.449204,2.410068,-1.056863,7.737729,-124.451584,5.248322,88.389648,0.305512,-0.648579,-0.600845,0.353544
105,-1.838991,-7.808257,-5.497663,2.095339,3.025402,5.100251,-124.579460,7.640876,88.222519,0.292065,-0.655797,-0.592609,0.365299
106,-1.827835,-7.636456,-5.474725,0.346059,6.577638,2.279803,-124.844025,9.076762,87.980713,0.283320,-0.661156,-0.587339,0.370992
107,-1.842440,-7.745681,-5.408941,-3.211223,9.213744,0.330755,-125.101242,9.571839,87.709404,0.279945,-0.664332,-0.584955,0.371648
108,-1.854661,-7.896070,-5.497020,-5.139979,10.474000,-1.669510,-125.276016,9.495146,87.450859,0.280195,-0.665901,-0.584275,0.369714
109,-1.870332,-7.957476,-5.548495,-5.928830,11.371104,-2.934319,-125.476898,9.330911,87.198814,0.280752,-0.667301,-0.584001,0.367193
110,-1.719465,-7.936613,-5.574124,-5.228367,12.391835,-3.890935,-125.673454,9.092719,86.944221,0.281744,-0.668535,-0.583934,0.364283
111,-1.531310,-7.967644,-5.667522,-4.494345,13.151714,-5.070445,-125.850548,8.743783,86.686783,0.283460,-0.669486,-0.584141,0.360857
112,-1.189943,-7.888157,-5.719355,-5.669294,13.530238,-7.892015,-126.048538,8.229772,86.452141,0.285879,-0.669997,-0.585072,0.356466
113,-0.664364,-7.721072,-5.848304,-7.686666,14.430843,-10.906119,-126.344505,7.460987,86.253380,0.288997,-0.669982,-0.587311,0.350243
114,-0.241658,-7.531711,-5.955554,-10.981391,15.037171,-15.093930,-126.794510,6.412393,86.102158,0.292579,-0.669458,-0.591123,0.341757
115,0.245768,-7.518771,-5.969756,-14.679011,15.314082,-18.422878,-127.373039,5.113222,86.022339,0.296540,-0.668289,-0.596392,0.331317
116,0.663580,-7.532485,-6.044808,-16.470697,15.258490,-19.461613,-128.012695,3.634913,85.999832,0.300929,-0.666522,-0.602534,0.319598
117,0.927906,-7.381315,-6.154480,-14.491837,15.167873,-18.286306,-128.654129,2.110140,85.990852,0.305499,-0.664533,-0.608681,0.307527
118,1.199699,-7.315839,-6.188865,-11.760710,13.563558,-14.582549,-129.225266,0.658462,85.963470,0.310106,-0.662592,-0.614115,0.296090
119,1.585909,-7.335607,-6.243990,-8.489353,11.393174,-9.259832,-129.670700,-0.670846,85.898361,0.314849,-0.660780,-0.618494,0.285841
120,1.779719,-7.349894,-6.304548,-5.660463,8.464437,-4.184343,-129.987442,-1.832559,85.792534,0.319503,-0.659230,-0.621741,0.277079
121,1.943685,-7.355089,-6.246491,-3.612778,5.338840,-0.776657,-130.188049,-2.804118,85.673889,0.323808,-0.657891,-0.624054,0.269973
122,2.046099,-7.483375,-6.231319,-2.419401,2.588527,1.571893,-130.232513,-4.684350,85.563431,0.333751,-0.653574,-0.628258,0.258347
123,1.931213,-7.555113,-6.155874,-2.522687,1.415407,1.488612,-130.077103,-7.147011,85.459290,0.347732,-0.646807,-0.633284,0.244285
124,1.773399,-7.511897,-6.067136,-1.681183,0.813299,1.072647,-129.791794,-8.684303,85.358772,0.357483,-0.642028,-0.635713,0.236378
125,1.712808,-7.359232,-6.122938,-1.075006,0.294007,1.356820,-129.644669,-9.411806,85.290535,0.362172,-0.639790,-0.636700,0.232624
126,1.685211,-7.223870,-6.129297,-2.530946,0.057916,2.497643,-129.797989,-9.704087,85.261078,0.362867,-0.639565,-0.637509,0.229924
127,1.676587,-7.103716,-6.233607,-4.235740,-0.093030,3.826492,-130.063339,-9.743897,85.220848,0.361669,-0.640509,-0.637905,0.228081
128,1.661203,-7.107522,-6.371973,-4.837220,-0.172387,5.746046,-130.327438,-9.638515,85.141991,0.359809,-0.642093,-0.637751,0.226997
129,1.466064,-7.150251,-6.475190,-4.828361,-0.038191,7.998334,-130.608536,-9.427843,85.018250,0.357399,-0.644282,-0.637141,0.226315
130,1.096884,-7.165425,-6.504989,-4.370864,0.578033,12.985276,-130.861206,-9.012288,84.802490,0.354273,-0.647477,-0.635492,0.226748
131,0.594861,-7.231021,-6.542142,-2.852806,1.328298,19.982155,-131.038666,-8.282823,84.431694,0.350264,-0.652170,-0.632087,0.229032
132,0.075952,-7.282088,-6.518300,-0.803660,1.599166,24.981907,-131.110016,-7.222466,83.909531,0.345470,-0.658239,-0.626790,0.233465
133,-0.426106,-7.271196,-6.399581,1.480566,1.433398,27.433634,-131.069595,-5.904312,83.299294,0.340198,-0.665054,-0.620039,0.239834
134,-0.756907,-7.320734,-6.455838,2.829436,1.218671,26.890131,-130.964111,-4.459537,82.673264,0.334727,-0.671959,-0.612595,0.247299
135,-0.961730,-7.389773,-6.415049,3.384845,0.996299,21.912312,-130.837173,-3.065482,82.114853,0.329539,-0.678159,-0.605465,0.254786
136,-1.143616,-7.262125,-6.335982,3.958572,1.396536,13.031145,-130.707718,-1.866650,81.706490,0.325066,-0.682947,-0.599593,0.261544
137,-1.309737,-7.247661,-6.309627,4.530744,2.700146,5.572117,-130.583984,-0.909321,81.455429,0.321457,-0.686255,-0.595227,0.267255
138,-1.363543,-7.329084,-6.339936,4.402448,4.270926,-0.241858,-130.491730,0.868232,81.312881,0.313166,-0.690969,-0.589232,0.278021
139,-1.289139,-7.344931,-6.278660,4.474063,5.413515,-4.365536,-130.395767,3.173867,81.244164,0.301909,-0.696309,-0.581969,0.292090
140,-1.178435,-7.508268,-6.323387,5.212625,6.446441,-7.528371,-130.229370,4.102987,81.226318,0.298097,-0.698003,-0.578696,0.298397
141,-0.876733,-7.645057,-6.389052,6.236573,6.691864,-9.049428,-130.012619,3.932496,81.240173,0.300275,-0.696995,-0.578722,0.298519
142,-0.466092,-7.590078,-6.355581,6.009244,6.353122,-9.202042,-129.790253,3.547371,81.269958,0.303565,-0.695408,-0.579469,0.297442
143,-0.112069,-7.448943,-6.312251,5.444617,5.552235,-8.285224,-129.613968,3.033110,81.302193,0.307237,-0.693622,-0.580731,0.295375
144,0.248489,-7.554962,-6.331852,3.820875,4.155598,-5.639071,-129.533768,1.928735,81.320366,0.313422,-0.690781,-0.583873,0.289276
145,0.665606,-7.465123,-6.239780,2.651780,2.091691,-3.267373,-129.537918,0.116719,81.329262,0.322740,-0.686452,-0.589133,0.278469
147,0.901618,-7.582118,-6.257156,1.336316,0.583400,-1.574942,-129.526947,-1.743742,81.344398,0.332303,-0.681753,-0.594379,0.267398
148,1.088041,-7.652283,-6.350012,0.420710,-1.079298,-0.724481,-129.523071,-3.326456,81.375458,0.340298,-0.677533,-0.598839,0.257952
149,1.088489,-7.740685,-6.361246,-1.473008,-1.874725,-0.864681,-129.564926,-4.140955,81.431450,0.344042,-0.675231,-0.601421,0.252964
150,0.918747,-7.440314,-6.364785,-4.379967,-1.628838,-1.049585,-129.701538,-4.290281,81.499886,0.343840,-0.674887,-0.602517,0.251545
151,0.771340,-7.251888,-6.360789,-8.999153,-0.433971,-0.059366,-130.027588,-4.341876,81.545990,0.342079,-0.675484,-0.603636,0.249654
152,0.751320,-7.075068,-6.333729,-10.874795,0.275594,0.863776,-130.491318,-4.348310,81.549561,0.339367,-0.676828,-0.604679,0.247180
153,0.551862,-7.030770,-6.259727,-10.737709,1.302484,1.515385,-130.966675,-4.303316,81.512558,0.336407,-0.678542,-0.605365,0.244835
154,0.360642,-6.905160,-6.248065,-9.350840,1.609016,2.786665,-131.388870,-4.159423,81.434982,0.333338,-0.680556,-0.605439,0.243257
155,0.337796,-6.999416,-6.216568,-5.548348,1.381418,3.719262,-131.684677,-3.945915,81.328705,0.330717,-0.682518,-0.604894,0.242692
156,0.268931,-7.183450,-6.351628,0.430275,0.979467,3.097399,-131.739990,-3.434113,81.221436,0.328007,-0.684531,-0.603072,0.245221
157,0.040613,-7.246124,-6.436722,3.616486,1.221399,1.143473,-131.631699,-2.909010,81.144913,0.326140,-0.685931,-0.601033,0.248779
158,-0.067432,-7.314455,-6.561556,4.510601,0.593332,0.001573,-131.531296,-2.265888,81.112396,0.323524,-0.687401,-0.598945,0.253134
159,0.061894,-7.486651,-6.643039,4.891977,-0.561425,-0.425916,-131.424713,-1.446417,81.120560,0.319944,-0.689050,-0.596593,0.258697
160,0.121205,-7.502271,-6.625418,4.742412,-1.346339,-1.459828,-131.277161,-1.027247,81.166954,0.318570,-0.689405,-0.595415,0.262136
161,0.095589,-7.425909,-6.619554,3.376554,-1.770820,-1.688412,-131.216095,-0.837804,81.242500,0.317788,-0.689296,-0.595220,0.263810
162,0.140701,-7.471360,-6.551027,2.004592,-2.404191,-0.664392,-131.201263,-0.741754,81.322021,0.317199,-0.689071,-0.595404,0.264688
163,0.250120,-7.419152,-6.388293,1.710236,-2.602407,-0.060298,-131.070328,-0.806032,81.391830,0.318156,-0.688192,-0.595695,0.265173
164,0.257286,-7.300346,-6.309632,1.914945,-2.049704,-0.588629,-130.899414,-0.991841,81.455414,0.319993,-0.686938,-0.596183,0.265118
165,0.243147,-7.338008,-6.263648,2.014346,-1.588614,-0.308151,-130.732147,-1.149256,81.508842,0.321682,-0.685809,-0.596542,0.265188
166,0.279595,-7.388866,-6.161767,2.699928,-1.196234,-0.703605,-130.445236,-1.285025,81.550407,0.324000,-0.684453,-0.596493,0.265980
167,0.313112,-7.339427,-6.139824,3.597651,-1.023558,-0.940397,-130.113815,-1.456895,81.590652,0.326767,-0.682878,-0.596429,0.266784
168,0.290134,-7.354331,-6.161656,3.892383,-0.667827,-1.279368,-129.881332,-1.603945,81.632767,0.328807,-0.681627,-0.596539,0.267230
169,0.329211,-7.477960,-6.122459,4.654062,-0.438799,-0.890412,-129.624451,-1.718455,81.666504,0.330842,-0.680425,-0.596452,0.267975
170,0.350362,-7.523362,-6.200055,4.912179,-0.133463,-1.275118,-129.354294,-1.848997,81.693130,0.333050,-0.679174,-0.596334,0.268674
171,0.335704,-7.526225,-6.203327,5.182264,0.051272,-1.617043,-129.188644,-1.958602,81.724503,0.334518,-0.678249,-0.596432,0.268969
172,0.298499,-7.569446,-6.190887,5.321047,0.264881,-1.920681,-129.051514,-1.993761,81.758812,0.335428,-0.677580,-0.596409,0.269572
173,0.301123,-7.575515,-6.183836,5.708544,0.174756,-1.693207,-128.910492,-1.975499,81.792595,0.336089,-0.677038,-0.596226,0.270515
174,0.256409,-7.594743,-6.198581,5.188042,0.125774,-1.407679,-128.806320,-1.906916,81.823982,0.336280,-0.676745,-0.595976,0.271560
175,0.243904,-7.573116,-6.200545,5.071802,-0.031603,-0.888621,-128.764725,-1.786280,81.851242,0.335844,-0.676791,-0.595704,0.272578
176,0.220722,-7.535909,-6.192015,4.407641,-0.442289,0.277430,-128.788742,-1.635827,81.869629,0.334890,-0.677151,-0.595453,0.273407
177,0.192091,-7.569864,-6.142206,3.124035,-0.770578,1.568616,-128.807419,-1.441365,81.870415,0.333782,-0.677697,-0.594962,0.274475
178,0.133816,-7.646442,-6.149351,2.722627,-0.804395,2.357821,-128.751694,-1.189141,81.851181,0.332866,-0.678275,-0.594010,0.276214
179,0.057833,-7.591488,-6.205807,3.049133,-0.761852,2.326003,-128.675156,-0.973707,81.823364,0.332282,-0.678742,-0.593056,0.277816
180,-0.036828,-7.506263,-6.157835,2.963580,-0.511707,2.190327,-128.622055,-0.820837,81.793900,0.331885,-0.679126,-0.592322,0.278917
181,-0.144226,-7.513508,-6.168322,2.865610,-0.727277,1.965000,-128.672623,-0.442215,81.768867,0.329702,-0.680351,-0.591226,0.280840
182,-0.187501,-7.478266,-6.186662,4.456587,-1.400885,0.366664,-128.818237,0.119988,81.774078,0.325931,-0.682135,-0.590015,0.283450
183,-0.269672,-7.505924,-6.223034,5.576025,-2.742804,-2.640152,-128.930939,0.610844,81.851372,0.322532,-0.683257,-0.589351,0.286006
184,-0.034393,-7.511140,-6.061739,5.250725,-5.830035,-8.133130,-128.880341,0.776545,82.074760,0.321416,-0.682368,-0.590079,0.287876
185,0.161287,-7.521541,-5.917899,3.624149,-9.566914,-15.691177,-128.699448,0.542662,82.523941,0.322575,-0.678968,-0.592963,0.288689
186,0.559924,-7.644665,-5.755292,3.433608,-11.789894,-22.895439,-128.483200,0.039279,83.203735,0.324762,-0.673572,-0.597865,0.288769
187,0.875677,-7.785299,-5.776228,2.500043,-12.935394,-24.751556,-128.245712,-0.687069,84.019096,0.327896,-0.666767,-0.604083,0.288078
188,1.190782,-7.828358,-5.670032,0.466336,-12.818826,-23.620071,-128.045609,-1.511717,84.852081,0.331291,-0.659617,-0.610691,0.286721
189,1.274266,-7.970422,-5.744102,-0.435106,-11.296844,-18.182470,-127.889465,-2.296197,85.593002,0.334465,-0.653087,-0.616685,0.285149
190,1.325218,-7.956338,-5.733089,0.905018,-9.495667,-10.317054,-127.735268,-2.904747,86.151619,0.337162,-0.647948,-0.621109,0.284092
191,1.341616,-7.985661,-5.693318,2.191732,-9.170107,-2.466834,-127.532661,-3.290293,86.519394,0.339428,-0.644278,-0.623707,0.284049
192,1.250738,-7.849649,-5.598763,5.256145,-8.933116,1.515250,-127.254829,-3.475222,86.758385,0.341370,-0.641629,-0.624849,0.285206
193,1.131087,-7.790478,-5.614447,9.388640,-8.787768,5.065603,-126.882843,-3.500315,86.918259,0.343183,-0.639575,-0.624880,0.287568
194,0.967229,-7.769142,-5.559870,13.142646,-8.456352,9.183716,-126.403343,-3.356884,86.998756,0.344896,-0.638107,-0.623733,0.291244
195,0.639741,-7.906505,-5.686837,15.950513,-7.548286,11.878328,-125.840973,-3.022336,87.001183,0.346255,-0.637361,-0.621396,0.296219
196,0.090266,-7.924984,-5.730022,16.066538,-5.814934,13.366248,-125.278572,-2.467843,86.936134,0.346632,-0.637610,-0.618031,0.302222
197,-0.455665,-8.112826,-5.821070,16.281656,-5.246131,15.011708,-124.751297,-1.675348,86.818367,0.345707,-0.638925,-0.613727,0.309194
198,-0.787359,-8.268477,-6.073996,16.743853,-4.711066,13.498747,-124.274391,-0.749548,86.691673,0.343834,-0.640804,-0.609036,0.316581
199,-1.141410,-8.527513,-6.303950,14.605721,-3.036216,8.615144,-123.899109,0.139647,86.598473,0.341501,-0.642685,-0.604832,0.323283
200,-1.341848,-8.695955,-6.091253,11.809951,-1.556720,3.192965,-123.589447,0.896798,86.556938,0.339352,-0.644100,-0.601432,0.329021
201,-1.290500,-8.909245,-6.110069,7.628752,-0.138209,-2.471898,-123.342331,1.435028,86.575958,0.337834,-0.644765,-0.599177,0.333368
202,-1.057350,-8.922552,-5.968315,-1.975529,2.492025,-9.214259,-123.296906,1.650216,86.650414,0.336730,-0.644837,-0.598799,0.335019
203,-0.804531,-8.854726,-5.439459,-13.323729,4.882828,-13.506206,-123.497765,1.542089,86.757362,0.335863,-0.644568,-0.600320,0.333682
204,-0.545936,-8.425519,-4.772161,-20.176186,5.647101,-15.335486,-123.827965,1.221511,86.883003,0.335349,-0.643990,-0.602963,0.330536
205,-0.082405,-7.909191,-4.342715,-22.415491,6.066671,-15.294226,-124.178955,0.728567,87.014565,0.335626,-0.642957,-0.606196,0.326325
206,0.158514,-7.335013,-3.902741,-18.851524,5.699027,-13.358007,-124.422646,0.124269,87.129257,0.337155,-0.641380,-0.609326,0.321995
207,0.466916,-6.878088,-3.472356,-7.936959,3.657587,-9.160564,-124.325218,-0.487528,87.216019,0.340709,-0.638907,-0.611337,0.319348
208,0.758598,-6.722303,-3.528642,8.510646,1.420997,-4.369763,-123.755074,-1.070288,87.267937,0.346821,-0.635251,-0.611743,0.319284
209,1.193103,-7.155539,-4.591978,22.533010,2.801003,-5.125928,-122.935951,-1.720706,87.287018,0.354716,-0.630740,-0.611470,0.320076
210,0.968553,-8.030252,-5.843742,29.114159,5.365047,-6.641924,-122.155388,-2.384696,87.274170,0.362504,-0.626378,-0.611170,0.320489
211,1.090176,-8.715543,-6.507762,28.246792,7.199512,-7.448130,-121.500137,-2.979479,87.227425,0.369291,-0.622717,-0.610836,0.320510
212,1.028885,-8.989400,-7.100143,20.369024,6.943361,-7.517211,-121.134697,-3.533656,87.175049,0.374277,-0.620091,-0.611164,0.319191
213,0.916016,-9.024689,-7.179351,6.307976,6.182006,-5.538349,-121.243874,-3.960238,87.132309,0.375996,-0.619340,-0.612486,0.316078
214,0.692659,-8.720942,-6.492790,-7.174634,2.770010,0.818567,-121.757423,-4.134400,87.079430,0.374256,-0.620759,-0.614113,0.312178
215,0.835276,-8.188254,-5.754694,-16.167635,-0.840358,5.245225,-122.487297,-4.079330,87.023071,0.370162,-0.623603,-0.615626,0.308389
216,0.732316,-7.698536,-5.420417,-19.883762,-3.251305,7.236468,-123.321609,-3.907634,86.984970,0.364824,-0.627010,-0.617162,0.304751
217,0.849728,-7.726025,-5.174808,-19.140900,-2.770578,7.454547,-124.093231,-3.714878,86.942131,0.359703,-0.630262,-0.618427,0.301549
218,0.706642,-7.745298,-5.277978,-15.020956,-1.819841,4.355259,-124.686073,-3.584752,86.896820,0.355877,-0.632745,-0.619368,0.298946
219,0.453538,-7.762570,-5.410745,-10.223476,-1.471943,1.720000,-125.120689,-3.460683,86.884995,0.352856,-0.634518,-0.620091,0.297266
220,0.584590,-7.812061,-5.525139,-6.282040,-2.021316,0.630544,-125.410767,-3.363246,86.910522,0.350671,-0.635556,-0.620715,0.296330
221,0.602142,-7.817661,-5.744965,-4.895061,-1.879398,-0.176688,-125.641441,-3.328213,86.961563,0.349076,-0.636085,-0.621498,0.295435
222,0.400609,-7.817496,-5.888525,-5.700936,-1.476602,-1.018952,-125.910324,-3.280216,87.023804,0.347170,-0.636703,-0.622405,0.294439
223,0.447465,-7.774059,-5.828731,-6.634994,-1.816972,-0.152123,-126.210098,-3.199277,87.084694,0.344920,-0.637511,-0.623292,0.293456
224,0.560484,-7.630708,-5.775077,-7.117340,-1.908558,0.363668,-126.515579,-3.140199,87.136650,0.342775,-0.638314,-0.624202,0.292287
225,0.450024,-7.509668,-5.670960,-7.556928,-1.757509,1.013725,-126.819534,-3.075410,87.175156,0.340639,-0.639196,-0.625017,0.291116
226,0.443505,-7.561551,-5.615527,-6.038660,-2.329771,2.274191,-127.060005,-2.959719,87.197296,0.338626,-0.640116,-0.625440,0.290531
227,0.469007,-7.524934,-5.675763,-3.771112,-3.010357,3.055498,-127.214294,-2.815760,87.214073,0.336956,-0.640885,-0.625540,0.290563
228,0.369609,-7.509592,-5.740865,-2.937969,-2.897473,1.877529,-127.333351,-2.663488,87.242928,0.335406,-0.641504,-0.625596,0.290869
229,0.423962,-7.626777,-5.788650,-2.471006,-3.279010,1.169573,-127.411629,-2.517544,87.293259,0.334061,-0.641866,-0.625686,0.291424
230,0.447057,-7.767632,-5.891534,-2.214585,-4.222049,1.638060,-127.462173,-2.388391,87.362724,0.332912,-0.641994,-0.625858,0.292088
231,0.381238,-7.833381,-5.961382,-2.490744,-5.071993,1.320673,-127.527634,-2.252507,87.454964,0.331582,-0.642058,-0.626178,0.292774
232,0.215547,-7.796294,-6.048103,-2.773048,-5.680896,0.930113,-127.623253,-2.067124,87.574295,0.329747,-0.642195,-0.626594,0.293653
233,0.227440,-7.668702,-6.058789,-3.462846,-6.088409,1.711500,-127.769684,-1.843662,87.703896,0.327393,-0.642523,-0.627097,0.294496
234,0.038877,-7.589057,-6.070590,-3.908546,-5.417124,4.230955,-127.957581,-1.554815,87.796394,0.324543,-0.643343,-0.627324,0.295375
235,-0.168678,-7.479795,-5.835414,-3.763659,-4.123355,7.164057,-128.120758,-1.141506,87.805313,0.321368,-0.644877,-0.626684,0.296856
236,-0.204934,-7.329948,-5.640967,-3.064739,-2.512233,9.889688,-128.211807,-0.652447,87.715851,0.318437,-0.646934,-0.625093,0.298886
237,-0.006462,-7.596123,-5.703142,-3.412496,-0.153310,10.886320,-128.244965,-0.230166,87.535362,0.316431,-0.649132,-0.623007,0.300602
238,0.070518,-8.254940,-6.083045,-5.212824,2.457522,11.656949,-128.262695,0.061994,87.271713,0.315439,-0.651382,-0.620754,0.301438
239,0.098324,-8.651882,-6.408779,-9.880329,4.609116,9.725079,-128.372787,0.238905,86.958145,0.314678,-0.653843,-0.618769,0.300986
240,0.234178,-8.834709,-7.038164,-17.609013,6.206863,6.813482,-128.770309,0.262282,86.645622,0.313095,-0.656679,-0.617956,0.298119
241,0.244392,-8.906859,-7.539100,-26.503767,7.720732,4.600702,-129.571548,0.148528,86.346245,0.309878,-0.660181,-0.618612,0.292329
242,0.073336,-8.259915,-7.439237,-33.506565,8.265594,4.139745,-130.726761,0.009130,86.049728,0.304701,-0.664532,-0.620180,0.284484
244,-0.042556,-7.073676,-7.038615,-36.720711,7.673549,4.776037,-132.156662,-0.066987,85.752792,0.297514,-0.669713,-0.622145,0.275510
245,-0.005488,-5.990366,-6.798982,-33.263847,6.443634,5.561909,-133.741028,-0.088007,85.463425,0.289014,-0.675292,-0.624244,0.266029
246,0.009447,-5.237844,-6.485713,-23.053501,5.467033,5.615324,-135.223694,-0.089368,85.192032,0.280870,-0.680456,-0.626027,0.257258
247,-0.012641,-4.463268,-6.247157,-9.323073,4.774251,5.371185,-136.416168,-0.075945,84.942764,0.274245,-0.684737,-0.627151,0.250213
248,0.144053,-4.076481,-6.099890,6.741814,4.640019,4.812646,-137.209717,-0.108390,84.712875,0.270167,-0.687810,-0.627566,0.245128
249,0.261109,-4.102548,-6.086378,25.492365,4.884347,2.880653,-137.405960,-0.255843,84.512741,0.270220,-0.689052,-0.627126,0.242695
250,0.263718,-4.223251,-5.706948,43.851063,5.145510,0.734984,-136.836746,-0.487558,84.355804,0.275237,-0.688054,-0.625518,0.244037
251,0.146331,-4.259932,-5.147331,62.288017,4.793180,-0.109006,-135.447540,-0.703939,84.233429,0.284995,-0.684844,-0.622307,0.250001
252,0.112417,-4.624564,-4.158374,82.097572,3.271900,0.476887,-133.042984,-0.836516,84.130119,0.300248,-0.678955,-0.616649,0.261943
253,0.106498,-5.297748,-3.554761,102.336975,0.908280,1.816633,-129.470612,-0.871282,84.043747,0.321659,-0.669637,-0.607775,0.280590
254,-0.052853,-6.459706,-2.673347,117.343559,-1.003740,1.792312,-124.790474,-0.776135,83.994156,0.348375,-0.656464,-0.595245,0.305570
255,-0.103516,-8.269948,-1.845448,126.609123,-3.437689,4.423214,-119.216614,-0.541249,83.988487,0.378719,-0.639479,-0.578888,0.335449
256,-0.034227,-10.932293,-1.428876,124.693085,-5.978415,5.596818,-113.346390,-0.238139,84.044189,0.409314,-0.619954,-0.560179,0.366496
257,-0.096962,-13.652578,-1.488622,106.147110,-8.805984,5.108631,-108.005203,0.068527,84.205666,0.435751,-0.600500,-0.542173,0.394423
258,-0.350523,-16.100794,-2.172930,67.021591,-11.447408,2.223249,-104.052284,0.351492,84.497627,0.453838,-0.584785,-0.528609,0.415487
259,-0.564951,-17.911911,-3.604407,5.921566,-13.599024,0.726523,-102.323250,0.598808,84.897606,0.459990,-0.576953,-0.523291,0.426264
260,-0.763911,-19.017069,-5.097741,-68.842674,-12.068578,-1.321022,-103.367104,0.807251,85.315659,0.452203,-0.579950,-0.528433,0.424181
261,-1.263161,-17.906097,-5.099267,-136.491959,-6.502084,-1.665498,-106.988808,1.028475,85.616104,0.431520,-0.593299,-0.542278,0.409538
262,-0.705686,-13.890464,-5.294213,-191.489883,3.271376,-0.969290,-112.697411,1.195308,85.659416,0.400467,-0.614378,-0.561631,0.383062
263,-0.628226,-10.348071,-5.513876,-229.567078,13.417168,-2.041731,-120.059456,1.169736,85.406990,0.361090,-0.640035,-0.583740,0.345278
264,-0.412910,-6.776928,-3.748479,-244.896881,23.059359,-4.724026,-128.103012,0.886683,84.942703,0.318045,-0.665521,-0.604635,0.300575
265,0.414669,-2.418412,-1.815469,-244.896698,29.732590,-8.423303,-136.135010,-0.126714,84.445297,0.277291,-0.686664,-0.623682,0.250247
266,0.883431,0.293135,-1.244275,-239.447754,29.736511,-11.183103,-145.664444,-2.703573,84.243744,0.233991,-0.703805,-0.645813,0.181201
267,0.272348,0.819443,-2.569945,-214.100006,24.683252,-14.136464,-156.488144,-5.078795,84.583145,0.179755,-0.717428,-0.664820,0.104878
268,0.742497,2.342177,-2.523031,-190.605698,20.396200,-13.864341,-166.991440,-6.420751,85.178413,0.120922,-0.726045,-0.675997,0.035574
269,0.960703,3.536166,-4.426396,-158.491394,16.672396,-13.427588,-176.594391,-7.629955,86.021713,0.067046,-0.727933,-0.681771,-0.028405
270,0.132123,3.779290,-6.488007,-124.106361,11.761865,-11.304332,175.649689,-8.044577,86.837677,0.020677,-0.725867,-0.683206,-0.076936
271,0.248232,4.841212,-7.766063,-94.354103,9.441553,-10.044585,169.656570,-7.881802,87.512589,-0.017616,-0.721931,-0.682674,-0.111632
272,0.529489,5.237387,-7.936491,-73.149300,10.898087,-8.952680,164.873978,-7.739223,88.129539,-0.047832,-0.716857,-0.681467,-0.139397
273,0.515843,4.840977,-8.238878,-52.329628,10.523640,-7.471577,161.243164,-7.653220,88.675224,-0.070272,-0.711701,-0.680228,-0.160727
274,0.541942,4.983282,-7.859034,-41.653561,7.927459,-6.213200,158.497864,-7.520873,89.131302,-0.087401,-0.707019,-0.679208,-0.176525
275,0.875232,5.159811,-7.570097,-29.616163,6.584272,-6.476095,156.233795,-7.420435,89.546959,-0.101273,-0.702612,-0.678308,-0.189677
276,0.848645,4.633495,-8.262723,-15.904164,5.290043,-5.530337,154.719635,-7.350111,89.901619,-0.110361,-0.699051,-0.678032,-0.198547
277,0.786142,4.470862,-8.129841,-14.688746,1.702273,-4.253390,153.826096,-7.195325,90.143333,-0.116322,-0.696583,-0.678209,-0.203158
278,0.512363,4.348742,-8.118979,-11.272655,-0.533670,-1.499384,153.162415,-6.912333,90.263649,-0.121861,-0.694886,-0.678260,-0.205543
279,0.661453,3.987519,-8.461514,-5.927372,-1.324609,3.900608,152.866257,-6.630847,90.213669,-0.125460,-0.694556,-0.677929,-0.205583
280,0.716370,3.722907,-8.844906,-4.828218,-0.807734,6.776831,152.941986,-6.474034,90.010239,-0.126317,-0.695669,-0.677110,-0.203986
281,0.945770,3.810666,-9.024233,-5.225786,0.028193,7.254392,153.134644,-6.438277,89.756630,-0.125812,-0.697339,-0.675974,-0.202358
282,0.894238,3.655502,-8.783801,-6.490084,0.084469,7.751837,153.298798,-6.473655,89.495491,-0.125058,-0.699096,-0.674609,-0.201315
283,0.959374,3.710566,-9.013028,-6.596191,-0.078981,6.573824,153.445450,-6.506060,89.242653,-0.124409,-0.700777,-0.673265,-0.200370
284,0.725882,3.872452,-9.075121,-7.678957,-0.060936,3.607374,153.533005,-6.456129,89.054146,-0.124504,-0.701926,-0.672352,-0.199353
285,0.830561,4.090620,-9.288104,-7.640301,-0.712834,2.067616,153.531601,-6.326179,88.935738,-0.125501,-0.702481,-0.671852,-0.198457
286,0.759220,4.300863,-9.216865,-11.076343,-1.888099,0.767421,153.391113,-6.157143,88.855118,-0.127518,-0.702618,-0.671410,-0.198180
287,0.889855,4.297709,-8.955647,-12.422009,-1.567895,-0.032260,153.099701,-5.988929,88.806976,-0.130399,-0.702388,-0.670906,-0.198827
288,1.065182,4.353956,-8.727138,-11.372061,-1.018626,-1.700115,152.756363,-5.906083,88.806976,-0.133000,-0.701902,-0.670454,-0.200341
289,1.076292,4.431694,-8.640476,-10.529711,-0.908713,-2.839952,152.404755,-5.869018,88.857742,-0.135286,-0.701151,-0.670213,-0.202236
290,0.995428,4.372763,-8.354408,-9.731647,-1.316092,-3.120701,152.062103,-5.812742,88.928665,-0.137593,-0.700263,-0.670140,-0.203989
291,0.841519,4.237030,-8.286872,-6.717876,-1.029258,-3.038314,151.813354,-5.710630,88.997948,-0.139602,-0.699437,-0.670304,-0.204919
292,0.848444,4.517853,-8.729525,-4.080937,-1.238421,-3.374060,151.692459,-5.570502,89.067787,-0.141055,-0.698713,-0.670767,-0.204878
293,0.686431,4.601209,-8.783269,-4.726282,-1.812350,-2.394500,151.598648,-5.385662,89.122627,-0.142638,-0.698052,-0.671268,-0.204395
294,0.706235,4.632094,-8.679590,-3.510038,-1.937691,-1.282207,151.497772,-5.187144,89.142929,-0.144408,-0.697564,-0.671569,-0.203830
295,0.682975,4.621141,-8.599974,-3.326880,-1.902777,-0.777221,151.406265,-5.016945,89.140244,-0.145990,-0.697252,-0.671696,-0.203350
296,0.823743,4.648996,-8.579288,-1.831407,-1.338331,-0.339353,151.353439,-4.883359,89.127708,-0.147135,-0.697091,-0.671765,-0.202848
297,0.781538,4.494071,-8.431355,-0.376959,-0.393909,-0.923827,151.431717,-4.784857,89.122536,-0.147258,-0.697098,-0.672048,-0.201796
298,0.770656,4.410572,-8.408944,1.697042,0.785550,-1.758527,151.578568,-4.730791,89.154343,-0.146633,-0.697032,-0.672595,-0.200653
299,0.835394,4.227270,-8.250569,2.991207,1.403562,-2.521466,151.736450,-4.739897,89.227592,-0.145490,-0.696814,-0.673300,-0.199873
300,0.784943,4.222626,-7.939854,7.999423,2.558732,-4.401370,151.969925,-4.770126,89.355797,-0.143666,-0.696392,-0.674433,-0.198842
301,0.472984,3.501966,-7.314088,17.315422,4.665939,-4.943103,152.482803,-4.757360,89.541618,-0.140307,-0.695917,-0.676467,-0.195973
302,0.421947,2.827161,-6.364244,29.376833,5.849838,-3.403512,153.482162,-4.743022,89.727448,-0.134011,-0.695997,-0.679304,-0.190199
303,0.182976,1.965333,-5.467381,44.098286,6.258443,-1.238318,155.101654,-4.725246,89.854813,-0.124069,-0.697044,-0.682728,-0.180611
304,0.201322,1.014478,-4.878225,60.802708,6.789016,4.331244,157.629776,-4.738207,89.837730,-0.108607,-0.699725,-0.686423,-0.165568
305,0.255241,0.218829,-4.699096,73.285934,5.755600,11.086596,161.158966,-4.876361,89.573784,-0.086498,-0.704432,-0.689400,-0.144989
306,0.624901,0.017392,-4.758677,78.295609,4.089318,14.401183,165.199753,-5.208913,89.091370,-0.060088,-0.710131,-0.690745,-0.122371
307,0.606832,-0.249489,-5.269073,81.388535,2.443124,15.249955,169.302689,-5.591621,88.497795,-0.032806,-0.715520,-0.690655,-0.099754
308,1.052069,0.033715,-6.007926,78.895905,0.725374,15.978130,173.107040,-5.953086,87.875259,-0.007265,-0.719990,-0.689438,-0.078982
309,0.969705,-0.338469,-6.759282,79.246979,0.129264,11.450964,176.577087,-6.268654,87.322601,0.016158,-0.723157,-0.687872,-0.060126
310,0.375227,-0.251226,-7.144190,81.289925,-4.567627,7.453179,179.883224,-6.161115,86.935074,0.036232,-0.724753,-0.686909,-0.039703
311,0.299661,-0.229944,-7.426984,89.413025,-1.472117,5.553452,-176.962814,-5.772077,86.699432,0.053797,-0.725084,-0.686308,-0.018431
312,0.577654,-1.576687,-8.854586,102.893791,7.972873,11.030082,-173.379440,-5.621966,86.393852,0.075558,-0.724975,-0.684608,0.003786
313,0.997718,-1.985563,-10.126107,86.643639,7.331814,8.898469,-169.732544,-5.739785,85.992661,0.099371,-0.724495,-0.681641,0.024472
314,1.102069,-1.466023,-10.397038,61.502682,9.819087,5.552129,-167.147446,-5.977130,85.691177,0.117182,-0.723623,-0.679111,0.038022
315,1.696784,-2.413766,-11.919720,54.835606,13.972830,6.376059,-165.321945,-6.403564,85.416367,0.131292,-0.722821,-0.676901,0.045801
316,2.007690,-2.326429,-13.130633,39.015850,8.615628,7.408976,-163.957993,-6.870500,85.115822,0.142727,-0.722423,-0.674674,0.050498
317,2.613688,-1.669782,-13.085260,13.470766,-1.763221,0.273477,-163.588089,-7.206205,85.018425,0.147039,-0.722118,-0.674081,0.050402
318,1.774287,-2.067621,-13.433113,24.166168,-2.943957,-2.139277,-163.611328,-7.326216,85.149345,0.147528,-0.721228,-0.674981,0.049665
319,1.680777,-1.885518,-13.871694,33.743065,-7.678959,-1.931913,-163.304306,-7.172088,85.347076,0.148480,-0.719859,-0.676002,0.052716
320,1.525359,-1.627634,-13.307549,31.158175,-10.581402,2.322207,-162.957199,-6.840884,85.521271,0.148659,-0.718796,-0.676737,0.057104
321,1.395160,-1.936274,-13.013117,28.323032,-13.901973,4.963440,-162.688019,-6.364598,85.613991,0.147538,-0.718495,-0.676884,0.061850
322,0.867332,-1.634327,-13.332365,29.145481,-16.407856,6.310741,-162.473297,-5.696998,85.671555,0.144977,-0.718702,-0.676684,0.067441
323,1.118319,-0.874656,-11.790285,24.919785,-16.574457,10.856346,-162.490494,-4.979633,85.660675,0.140706,-0.719646,-0.676124,0.071888
324,1.366719,-1.450929,-11.323031,32.220936,-19.456841,18.197355,-162.435837,-4.331763,85.464790,0.137410,-0.721486,-0.674379,0.076094
325,1.783854,-1.381156,-10.375708,51.214008,-19.573797,15.595341,-161.809418,-3.829820,85.190712,0.138635,-0.722915,-0.671822,0.082640
326,1.582575,-2.160512,-9.437382,86.240379,-18.625364,12.628577,-160.098251,-3.504785,84.988876,0.147703,-0.722341,-0.668942,0.094469
327,1.055487,-2.496088,-7.896502,103.468971,-16.830162,9.725981,-157.228821,-3.183651,84.861893,0.164025,-0.719587,-0.665216,0.113042
328,1.075116,-3.765158,-7.940544,117.412895,-16.908924,10.235410,-153.536774,-2.832177,84.776894,0.185221,-0.714951,-0.660234,0.136490
329,0.462705,-4.464304,-6.855141,126.395256,-13.092247,8.219560,-149.113998,-2.411592,84.713020,0.210394,-0.708354,-0.653414,0.164375
330,0.240406,-6.088856,-6.471706,121.384163,-11.125319,8.575181,-144.245728,-1.903745,84.666451,0.237546,-0.700016,-0.644607,0.195015
331,-0.003282,-6.319893,-6.846375,101.954628,-8.107192,5.412116,-139.772186,-1.399189,84.657341,0.261936,-0.691326,-0.635370,0.223074
332,0.062165,-6.793279,-6.276035,86.656860,-7.135351,8.656407,-136.081467,-0.937759,84.646698,0.281581,-0.683633,-0.626707,0.246164
333,-0.253371,-7.282396,-5.969844,76.731865,-6.004837,9.538607,-132.817093,-0.431266,84.585739,0.298362,-0.676873,-0.617789,0.266758
334,-0.062283,-7.645020,-6.023854,67.630661,-7.201348,7.701593,-129.966217,0.058490,84.562782,0.312560,-0.670584,-0.609495,0.284848
335,-0.470970,-7.333920,-6.223352,56.661137,-8.112514,4.773568,-127.728477,0.520713,84.634483,0.322968,-0.665165,-0.602912,0.299573
336,-0.473433,-7.266439,-5.441735,49.699905,-10.270448,7.108571,-125.932976,1.069212,84.767532,0.330106,-0.660773,-0.597284,0.312509
337,-0.521755,-7.717574,-5.533142,56.832180,-13.946630,8.189227,-124.106171,1.689038,84.957741,0.336814,-0.656112,-0.591405,0.326059
338,-0.561110,-8.115536,-5.719104,64.234383,-16.762133,5.787669,-122.108948,2.306934,85.263367,0.344070,-0.650284,-0.585389,0.340684
339,-0.623325,-8.747466,-5.424733,66.051697,-18.802418,5.574229,-119.949890,2.881883,85.677780,0.351992,-0.643224,-0.579283,0.356084
340,-0.509990,-9.131779,-4.913983,72.451599,-19.612740,8.380480,-117.539734,3.436630,86.134377,0.361096,-0.635026,-0.572284,0.372617
341,-0.255426,-10.180467,-5.041761,79.782379,-18.689480,8.262814,-114.862022,3.878790,86.589684,0.372022,-0.625520,-0.564323,0.389698
342,-0.209884,-10.573558,-4.671161,83.289139,-15.713755,2.430347,-112.026909,4.072512,87.043526,0.384792,-0.614539,-0.556228,0.406063
343,-0.301369,-10.812175,-3.627508,84.748299,-11.796549,-1.569525,-109.020493,4.033113,87.471687,0.399406,-0.602061,-0.547789,0.421812
344,-0.423858,-10.742460,-3.946694,88.197083,-7.894639,-5.070351,-106.025009,3.848988,87.816017,0.414607,-0.589162,-0.539078,0.436330
345,-0.583477,-10.429127,-3.583029,79.788895,-3.711985,-11.654928,-103.372856,3.520890,88.057449,0.428786,-0.577113,-0.531381,0.448015
347,-0.842566,-10.108307,-2.870284,68.940636,0.021982,-12.291210,-101.101082,3.154474,88.188438,0.441378,-0.566540,-0.524554,0.457232
348,-0.948096,-9.902596,-3.176706,61.298050,3.173006,-9.394740,-99.291611,2.913855,88.182915,0.451430,-0.558610,-0.518247,0.464312
349,-0.803240,-9.839960,-3.524765,47.003284,4.384610,-7.325275,-98.163406,2.762169,88.069023,0.458084,-0.554064,-0.513740,0.468234
350,-0.782117,-9.773365,-3.021801,30.962683,5.930410,-2.609892,-97.635117,2.700294,87.885406,0.461675,-0.552526,-0.510954,0.469572
351,-0.737847,-9.711791,-2.890035,19.170372,6.638475,4.981855,-97.516556,2.836122,87.639221,0.462625,-0.553668,-0.508702,0.469736
352,-0.659789,-10.106393,-3.015069,9.564709,7.183276,10.611191,-97.761658,3.152909,87.341438,0.461184,-0.557195,-0.506910,0.468919
353,-0.423589,-10.367407,-2.499848,-2.727854,7.129933,13.302926,-98.252350,3.510668,87.018585,0.458439,-0.561952,-0.505808,0.467120
354,-0.315341,-10.141254,-2.019173,-7.384184,9.072508,16.694845,-98.791275,3.861029,86.657471,0.455615,-0.567011,-0.504721,0.464942
355,-0.219525,-10.401051,-2.323628,-8.681786,10.181948,17.007301,-99.357391,4.189689,86.235161,0.452968,-0.572331,-0.503504,0.462321
356,0.045548,-10.860158,-2.870974,-14.586360,11.048820,13.532197,-100.144119,4.351219,85.775932,0.450104,-0.578039,-0.503666,0.457819
357,0.225776,-10.874790,-2.757893,-24.678095,12.205670,7.836642,-101.209396,4.237469,85.305313,0.447105,-0.583874,-0.505987,0.450739
358,-0.071886,-10.734192,-3.350588,-29.154484,12.086852,2.966662,-102.541275,3.960414,84.848572,0.443369,-0.590094,-0.510002,0.441714
359,-0.394318,-10.752637,-4.255825,-39.373337,10.178104,-2.789584,-104.306534,3.646249,84.450859,0.437225,-0.597567,-0.515964,0.430731
360,-0.025646,-10.895378,-4.611395,-56.831387,9.741893,-7.700429,-106.623253,3.171854,84.137917,0.428480,-0.606130,-0.524810,0.416636
361,-0.619307,-10.802405,-5.282134,-67.807343,10.605728,-14.140107,-109.421509,2.574003,83.894089,0.417312,-0.615614,-0.535826,0.399701
362,-0.972066,-10.438548,-6.341609,-77.150810,10.485210,-14.194866,-112.678001,2.078174,83.693497,0.402762,-0.626634,-0.547703,0.380964
363,-0.364438,-10.542016,-7.183741,-94.912994,10.914026,-12.879362,-116.467155,1.581830,83.514725,0.384869,-0.639006,-0.560740,0.359330
364,-0.057646,-10.754467,-7.603896,-106.967964,12.783396,-12.168387,-120.632065,0.957470,83.344368,0.365068,-0.651666,-0.574506,0.334664
365,-0.426576,-10.272294,-8.134695,-110.655968,14.567241,-9.963443,-124.907082,0.385313,83.150276,0.343985,-0.664308,-0.587207,0.309123
366,0.249800,-10.175999,-8.652858,-117.770935,13.692927,-5.658834,-129.229721,-0.126586,82.925278,0.321924,-0.676718,-0.598555,0.283108
367,0.561865,-10.510626,-8.796441,-126.754578,14.366051,-9.798910,-133.540695,-0.772736,82.752991,0.300053,-0.687776,-0.609399,0.256056
368,0.246399,-10.153037,-8.604531,-118.703575,14.321935,-15.411423,-137.523514,-1.506662,82.724586,0.279958,-0.696363,-0.619458,0.230161
369,0.092484,-9.629102,-8.534437,-108.512680,13.708473,-15.298449,-140.943634,-2.163568,82.798370,0.262465,-0.702672,-0.627884,0.207667
370,0.353921,-9.115152,-8.718033,-104.356491,13.442883,-15.559264,-143.972916,-2.771843,82.909378,0.246930,-0.707582,-0.634999,0.187428
371,0.492328,-8.190719,-8.390031,-91.163582,15.235822,-15.772804,-146.625809,-3.428217,83.037674,0.233893,-0.711192,-0.641098,0.168800
372,0.750743,-7.230792,-8.209719,-74.750900,13.815239,-12.195983,-148.756119,-4.095192,83.136810,0.224175,-0.713682,-0.645794,0.152818
373,0.608537,-6.554965,-8.187244,-66.849907,13.793906,-8.150678,-150.510559,-4.656191,83.157135,0.216301,-0.715954,-0.648996,0.139381
374,0.840617,-6.231715,-8.248135,-75.309914,8.822439,-7.383024,-152.289978,-5.083858,83.157928,0.207531,-0.718515,-0.651653,0.126555
375,0.786395,-6.044690,-7.759351,-83.197495,7.119536,-10.074630,-154.242172,-5.438061,83.239288,0.197154,-0.720921,-0.654649,0.113303
376,0.750258,-5.684576,-7.435009,-95.479393,2.875926,-11.528646,-156.383362,-5.696181,83.417755,0.184941,-0.723069,-0.658052,0.099678
377,0.465049,-4.916500,-7.224227,-111.562347,1.355927,-14.180429,-158.991653,-5.797493,83.700813,0.168800,-0.725318,-0.662035,0.084439
378,0.581093,-4.421073,-7.074456,-127.047180,-1.751117,-12.756439,-162.155350,-5.776727,84.034752,0.148401,-0.727788,-0.666223,0.066698
379,0.562942,-3.493106,-6.271994,-135.486771,1.909414,-15.225129,-165.694504,-5.799025,84.388756,0.125842,-0.729933,-0.670234,0.046338
380,0.545646,-2.597017,-6.129795,-127.678505,1.710911,-16.715748,-169.341888,-5.890374,84.811516,0.102988,-0.731007,-0.674098,0.024776
381,0.402640,-2.068624,-5.543762,-119.443092,3.335814,-18.578701,-172.785843,-5.952926,85.301651,0.081322,-0.730836,-0.677677,0.004453
382,0.233832,-1.387866,-5.390433,-103.388947,4.374547,-20.636965,-175.888367,-5.936482,85.862640,0.061477,-0.729452,-0.681130,-0.013488
383,0.005127,-1.008594,-4.774639,-92.509384,6.995327,-20.420082,-178.622437,-5.794679,86.462769,0.043367,-0.727193,-0.684464,-0.028602
384,-0.061050,-0.513987,-5.015708,-70.031487,7.452089,-19.119841,179.094208,-5.556267,87.053726,0.027655,-0.724441,-0.687586,-0.040578
385,0.017302,-0.348159,-4.880554,-57.859917,6.833108,-18.005835,177.281189,-5.310751,87.628052,0.014965,-0.721374,-0.690589,-0.049828
386,-0.095107,0.178939,-5.396079,-42.879429,6.060020,-18.347626,175.778214,-5.029834,88.213280,0.004096,-0.717992,-0.693693,-0.057097
387,0.087109,0.197326,-5.969781,-33.105618,3.669546,-12.353818,174.593323,-4.733938,88.717041,-0.004851,-0.714936,-0.696379,-0.062442
388,0.704475,0.587063,-6.994243,-21.091761,2.488214,-12.730718,173.771942,-4.667746,89.130348,-0.010137,-0.712363,-0.698527,-0.067058
389,0.860400,0.713027,-7.844021,-12.744815,1.974188,-11.200181,173.239029,-4.798388,89.531555,-0.012401,-0.709873,-0.700616,-0.071158
390,0.967592,1.022168,-8.779703,-3.834840,1.657045,-7.280043,172.981522,-4.941140,89.842728,-0.012919,-0.707955,-0.702288,-0.073647
391,1.140367,0.966571,-9.153008,-0.648617,0.561724,-0.933677,172.938202,-5.102493,89.980141,-0.012103,-0.707125,-0.703004,-0.074919
392,1.091799,0.696246,-8.760301,6.981299,0.780269,1.010420,173.181885,-5.287396,89.969040,-0.009465,-0.707234,-0.702974,-0.074558
393,0.737598,0.625566,-8.221771,19.436314,0.369940,1.951970,173.823547,-5.383692,89.903236,-0.004952,-0.707684,-0.702914,-0.071209
394,0.619710,-0.011467,-7.415179,31.868746,-1.246085,3.052224,175.031845,-5.347308,89.786278,0.002221,-0.708415,-0.702924,-0.063572
395,0.395112,-0.347440,-6.602670,42.345402,-2.636417,2.460256,176.840439,-5.191034,89.638878,0.012373,-0.709215,-0.702999,-0.051522
396,0.445655,-0.719836,-6.079832,51.560413,-2.426083,1.021426,179.116241,-4.994691,89.517159,0.025209,-0.709621,-0.703193,-0.036365
397,0.435737,-0.986415,-6.095538,57.006561,-2.212610,-1.184921,-178.288101,-4.841834,89.454369,0.040326,-0.709308,-0.703474,-0.019504
398,0.596483,-1.105895,-6.248031,52.930809,-2.046310,0.594436,-175.733292,-4.756278,89.407822,0.055604,-0.708561,-0.703448,-0.003308
399,0.498411,-0.650141,-6.381137,43.901196,-1.469485,-1.540264,-173.732620,-4.708503,89.395668,0.067675,-0.707585,-0.703319,0.009262
400,0.790690,-0.751439,-6.827240,40.355072,0.509770,0.095524,-172.268890,-4.756056,89.415855,0.076994,-0.706507,-0.703276,0.017964
401,0.686466,-0.814211,-7.135784,40.446526,3.366512,-5.765589,-170.977127,-4.935326,89.501907,0.086027,-0.704932,-0.703600,0.024844
402,0.733888,-0.459505,-7.676927,41.236393,4.552252,-5.716823,-169.899826,-5.146200,89.691391,0.093885,-0.702757,-0.704556,0.030307
403,0.922182,-1.176512,-7.892358,45.407681,7.871294,-10.958455,-168.762802,-5.480157,89.950943,0.102807,-0.699898,-0.705915,0.035466
404,1.209009,-1.719066,-8.905941,60.923126,9.876649,-8.651326,-167.092865,-5.978687,90.213844,0.115931,-0.696207,-0.707115,0.042944
405,1.289994,-2.280690,-9.480970,59.745136,9.875423,-12.817162,-165.099213,-6.529866,90.476883,0.131256,-0.691836,-0.708106,0.052155
406,0.808437,-2.515318,-10.156503,60.804096,7.757394,-5.324856,-163.130035,-6.872534,90.688690,0.145088,-0.687737,-0.708563,0.062486
407,1.200540,-3.049221,-10.864892,56.238350,6.122889,-3.077125,-161.274567,-7.021600,90.764839,0.157058,-0.684623,-0.708007,0.073145
408,1.235830,-3.405189,-11.244088,60.649548,3.287565,3.714787,-159.441238,-7.094682,90.718727,0.168466,-0.682199,-0.706524,0.083950
409,1.628330,-3.450703,-11.371222,53.234623,1.015420,4.914117,-157.743546,-7.098854,90.585190,0.178689,-0.680443,-0.704414,0.094174
410,1.447105,-4.114059,-11.507925,57.650139,1.642582,10.323451,-156.112091,-7.056301,90.361984,0.188306,-0.679268,-0.701642,0.104085
411,2.081058,-3.907463,-11.523536,58.615417,-0.089196,9.810590,-154.440384,-7.033410,90.080078,0.198340,-0.678209,-0.698360,0.113960
412,1.984839,-4.752529,-10.633641,71.179337,0.608526,10.139942,-152.499954,-7.104033,89.802422,0.210515,-0.676309,-0.694771,0.124831
413,1.796908,-4.642264,-10.746845,83.245903,-2.214142,10.020712,-150.112213,-7.089042,89.538551,0.224794,-0.673397,-0.690452,0.138853
414,1.420855,-5.772240,-10.044888,89.684967,-2.004995,10.934645,-147.361862,-6.909479,89.289848,0.240191,-0.669672,-0.685221,0.155947
415,1.218728,-5.447901,-9.891936,95.786835,-5.356006,11.911242,-144.394104,-6.562169,89.060371,0.255818,-0.665359,-0.679083,0.175215
416,1.031165,-6.465323,-9.204176,96.064201,-4.965534,15.292755,-141.341476,-6.071335,88.824341,0.271078,-0.660846,-0.671962,0.195615
417,0.865526,-6.979240,-9.687631,90.488190,-6.799930,19.376272,-138.338593,-5.422493,88.528053,0.285234,-0.656831,-0.663659,0.216264
418,0.626446,-6.924320,-9.363728,74.210464,-5.735145,21.959841,-135.883606,-4.635390,88.201630,0.295550,-0.654439,-0.655362,0.234224
419,0.594778,-6.727315,-9.415373,63.537018,-6.647958,23.934538,-134.103149,-3.794693,87.857323,0.301807,-0.653885,-0.647802,0.248393
420,0.759927,-6.956247,-9.148184,51.163387,-7.447715,25.455908,-132.847351,-2.974150,87.512184,0.305247,-0.654598,-0.641145,0.259342
421,1.127756,-7.122783,-9.018691,43.562836,-7.621578,21.807194,-131.940781,-2.331092,87.205406,0.307628,-0.655533,-0.635753,0.267322
422,1.035957,-6.675509,-8.659651,37.294270,-6.373101,15.683252,-131.340652,-1.938568,86.996376,0.309421,-0.656082,-0.632167,0.272361
423,0.906334,-7.418836,-8.045708,29.983730,-5.811272,9.412822,-130.860001,-1.724629,86.896690,0.311250,-0.655880,-0.629904,0.275980
424,0.852495,-7.437051,-7.702005,29.398378,-3.906629,4.672925,-130.307724,-1.664155,86.879219,0.314123,-0.654626,-0.628311,0.279315
425,0.815336,-6.943047,-6.944666,26.176332,-2.035543,1.072876,-129.769852,-1.761491,86.902954,0.317659,-0.652758,-0.627382,0.281764
426,0.534672,-6.678930,-6.243266,21.022619,-0.022611,1.541025,-129.298721,-1.891119,86.909348,0.321022,-0.651067,-0.626595,0.283612
427,0.340103,-6.942968,-5.140451,19.373053,2.586826,1.736217,-128.643463,-1.952957,86.841072,0.325242,-0.649426,-0.624740,0.286641
428,0.424020,-6.826787,-4.472580,26.965210,4.892589,5.177102,-127.541512,-1.994314,86.660042,0.332154,-0.647137,-0.621045,0.291874
429,0.164239,-7.091443,-3.633641,32.948151,4.848387,10.288965,-125.909767,-1.894355,86.353180,0.341612,-0.644272,-0.614824,0.300343
430,0.174413,-8.506942,-3.130312,45.552921,5.486207,11.200086,-123.567543,-1.637730,85.974205,0.354408,-0.639909,-0.605693,0.313126
431,-0.211003,-8.864391,-3.537383,64.142487,4.289772,10.824995,-120.654228,-1.269553,85.612930,0.369712,-0.633680,-0.594403,0.329314
432,-0.055485,-8.921762,-3.883643,68.824066,1.448334,11.968249,-117.690025,-0.807070,85.334488,0.384488,-0.626765,-0.582655,0.346191
433,-0.080764,-8.994385,-4.016485,64.416565,-0.826923,11.391665,-115.044479,-0.349313,85.150024,0.397160,-0.620110,-0.571944,0.361396
434,-0.057525,-8.914817,-4.052641,59.800995,-2.357495,8.867934,-112.808105,0.058550,85.062973,0.407466,-0.614004,-0.562869,0.374364
435,-0.143053,-8.460985,-3.941859,54.127472,-3.292937,8.434686,-110.972382,0.420955,85.044792,0.415547,-0.608694,-0.555379,0.385184
436,0.110122,-8.491009,-3.595932,45.905441,-3.886514,8.910752,-109.469749,0.722310,85.057030,0.421993,-0.604152,-0.549219,0.394056
437,-0.094355,-8.706007,-3.304874,44.661537,-4.090949,8.672611,-108.090630,0.993265,85.085861,0.427831,-0.599821,-0.543555,0.402148
438,-0.077285,-9.150199,-3.245446,47.792503,-5.035476,7.566263,-106.657776,1.270152,85.147881,0.433755,-0.595095,-0.537730,0.410566
439,-0.045025,-9.322675,-3.047316,49.615746,-5.499314,5.408484,-105.146103,1.465269,85.254150,0.440255,-0.589517,-0.532041,0.419020
440,-0.233851,-9.545235,-3.120476,51.715054,-6.721545,4.833121,-103.627586,1.636428,85.403519,0.446667,-0.583559,-0.526513,0.427471
441,-0.161846,-10.185922,-2.763278,50.983761,-7.782036,3.943437,-102.088577,1.798013,85.601112,0.452959,-0.577199,-0.521058,0.436082
442,-0.383847,-10.311959,-2.619879,52.390350,-7.643157,3.676362,-100.505760,1.953801,85.823174,0.459307,-0.570468,-0.515442,0.444886
443,-0.443732,-10.554280,-2.354211,49.502949,-6.611632,3.711516,-98.967758,2.141823,86.031517,0.465235,-0.564036,-0.509655,0.453510
444,-0.460724,-10.801287,-2.398047,46.270573,-5.136055,4.118994,-97.587173,2.324698,86.199203,0.470488,-0.558353,-0.504188,0.461170
445,-0.357452,-10.957124,-2.228552,37.727818,-3.697081,3.352962,-96.476974,2.456884,86.318726,0.474789,-0.553759,-0.499701,0.467146
446,-0.484079,-10.916729,-2.061517,30.417965,-1.246411,3.282737,-95.659706,2.558194,86.375237,0.478036,-0.550510,-0.496185,0.471403
447,-0.448442,-11.007533,-1.673967,21.884392,0.455023,2.850886,-95.072838,2.653193,86.366249,0.480459,-0.548466,-0.493304,0.474337
448,-0.400355,-10.967059,-1.980470,16.036367,2.547103,3.093441,-94.765999,2.714648,86.292938,0.481954,-0.547733,-0.491411,0.475630
450,-0.397445,-11.079042,-2.245623,5.984113,4.186002,3.670140,-94.873444,2.767292,86.149422,0.481798,-0.549007,-0.490937,0.474808
451,-0.512674,-10.771508,-2.441958,-4.831331,5.069576,1.973253,-95.438293,2.816494,85.959709,0.479646,-0.552382,-0.492142,0.471816
452,-0.443616,-10.706389,-3.233521,-16.266684,5.458769,-0.320254,-96.557495,2.802203,85.745300,0.475166,-0.557914,-0.495746,0.466032
453,-0.132369,-10.631240,-3.662822,-33.091976,5.370385,-4.573210,-98.324371,2.595630,85.532562,0.468304,-0.565330,-0.502709,0.456484
454,-0.315923,-10.409527,-4.302079,-50.454620,3.959038,-10.153751,-100.763756,2.208270,85.375237,0.458574,-0.574452,-0.513143,0.443170
455,-0.202506,-10.464681,-4.682969,-67.799026,2.318790,-13.947355,-103.810585,1.710081,85.317215,0.445709,-0.584932,-0.526458,0.426662
456,-0.165022,-10.556989,-5.398220,-84.024857,3.072706,-14.702835,-107.380806,1.144628,85.328011,0.429954,-0.596538,-0.541732,0.407196
457,-0.106398,-10.493779,-5.863286,-103.073540,2.979707,-12.966437,-111.478218,0.616836,85.366348,0.410819,-0.609604,-0.558073,0.384922
458,-0.126879,-10.215427,-6.656610,-118.247749,3.905987,-10.555514,-116.080132,0.187178,85.409187,0.388040,-0.624055,-0.574777,0.360017
459,0.016799,-10.004925,-6.975632,-128.970596,5.468557,-6.079991,-120.994843,-0.140929,85.400360,0.362643,-0.639208,-0.590672,0.333183
460,0.301433,-9.411528,-7.567736,-135.470886,7.130356,-1.871600,-126.046631,-0.426901,85.302834,0.335886,-0.654312,-0.605053,0.304905
461,0.561251,-9.215655,-8.254801,-135.366730,8.940260,-0.347442,-131.085297,-0.757051,85.129829,0.308989,-0.668559,-0.617730,0.275615
462,0.320380,-9.210638,-8.666360,-127.939186,9.019750,-1.688925,-135.776321,-1.098266,84.950195,0.283616,-0.680856,-0.628236,0.247621
463,0.355543,-9.231734,-8.886915,-111.147934,8.090528,-2.734255,-139.763596,-1.404942,84.817337,0.261707,-0.690407,-0.636331,0.223453
464,0.802127,-9.435411,-9.231892,-92.332672,7.977779,-6.077688,-142.863495,-1.807277,84.761665,0.245269,-0.696757,-0.642597,0.203572
465,0.316334,-9.442873,-9.322389,-71.464508,7.434675,-11.409335,-145.057495,-2.252567,84.834412,0.234248,-0.700079,-0.647639,0.188630
466,0.347493,-9.268184,-9.053752,-57.155869,4.427035,-13.843087,-146.463272,-2.610702,85.042900,0.227321,-0.701060,-0.651804,0.178863
467,0.649776,-8.873977,-8.824450,-47.661240,6.241386,-14.866906,-147.345459,-3.011880,85.308533,0.223771,-0.700546,-0.655456,0.171867
468,0.541495,-8.506928,-8.645071,-48.271194,8.302964,-12.770205,-148.034698,-3.464666,85.522934,0.221795,-0.699833,-0.658516,0.165523
469,0.456586,-7.462478,-8.284889,-58.116177,6.036917,-10.235492,-148.957123,-3.811606,85.676270,0.217903,-0.700093,-0.661296,0.158351
470,0.619598,-6.915695,-8.142460,-74.065071,2.209842,-4.455135,-150.406693,-3.994874,85.769485,0.209949,-0.701938,-0.664081,0.149001
471,0.538256,-6.471069,-7.791297,-89.296791,1.944291,-1.859385,-152.367432,-4.054332,85.776085,0.198240,-0.705291,-0.666653,0.137257
472,0.382337,-5.480319,-7.630023,-111.196884,-1.220617,-1.630301,-154.993851,-3.990867,85.769615,0.181666,-0.709783,-0.669508,0.122331
473,0.248085,-4.531498,-7.330523,-138.174026,-4.786964,-2.476966,-158.569794,-3.770601,85.824074,0.158108,-0.715075,-0.673121,0.102849
474,-0.111764,-3.961745,-6.829379,-146.472244,-5.170465,-1.941068,-162.706802,-3.371628,85.892975,0.129815,-0.720344,-0.676517,0.081095
475,0.509494,-3.261672,-6.164568,-140.975800,-0.330480,-5.592397,-166.739716,-3.175421,85.975052,0.103192,-0.724150,-0.679359,0.058562
476,0.334663,-2.301279,-5.829682,-131.919418,1.958494,-9.655870,-170.553864,-3.287004,86.174843,0.079635,-0.725920,-0.682238,0.035350
477,0.176819,-1.791338,-5.414628,-115.798119,3.147077,-9.423830,-174.019516,-3.355813,86.438438,0.058023,-0.726389,-0.684679,0.014398
478,0.356995,-1.478760,-5.123485,-88.682373,5.178019,-11.820953,-176.697311,-3.487816,86.733292,0.041828,-0.725734,-0.686699,-0.002336
479,0.233617,-1.053571,-4.926320,-68.685081,7.285307,-17.259256,-178.604782,-3.707538,87.164680,0.031114,-0.723680,-0.689270,-0.015042
480,-0.611493,-0.453863,-4.813030,-56.737560,5.184668,-18.603506,179.771545,-3.463487,87.722389,0.019503,-0.720732,-0.692552,-0.023170
481,-0.490519,-0.167415,-5.008765,-48.062168,3.350378,-14.428525,178.238403,-2.811433,88.241058,0.006044,-0.717838,-0.695608,-0.028307
482,-0.292227,0.059298,-5.187051,-37.334644,1.975792,-13.973803,176.923233,-2.285329,88.694405,-0.005260,-0.715091,-0.698231,-0.033018
483,-0.109381,0.476104,-5.975924,-26.305286,-0.094142,-11.469789,175.832458,-1.920201,89.110802,-0.014158,-0.712429,-0.700602,-0.037439
484,0.154452,0.689684,-7.060495,-20.223188,-2.104118,-5.944440,174.933655,-1.701970,89.397484,-0.020977,-0.710504,-0.702148,-0.041631
485,0.491394,0.519515,-8.184658,-13.110850,-2.934134,-4.029395,174.374329,-1.644390,89.554993,-0.024736,-0.709415,-0.702935,-0.044735
486,0.472334,0.786108,-9.050230,-2.178946,-3.541198,-5.958137,174.197845,-1.641614,89.708206,-0.025784,-0.708435,-0.703814,-0.045835
487,0.504284,0.701565,-9.771865,3.717426,-3.919410,-5.305013,174.311768,-1.603633,89.880028,-0.025246,-0.707396,-0.704935,-0.044939
488,0.315181,0.725965,-9.962734,9.511632,-4.091715,-6.380770,174.654572,-1.511865,90.057243,-0.023630,-0.706358,-0.706194,-0.042301
489,0.344430,0.742324,-9.560969,13.483819,-3.437032,-6.003855,175.128922,-1.398194,90.248878,-0.021343,-0.705247,-0.707582,-0.038713
490,0.395179,0.856965,-9.312322,15.501134,-2.850946,-2.967252,175.629166,-1.343743,90.388565,-0.018557,-0.704461,-0.708620,-0.035311
491,0.404449,0.655439,-8.992955,15.528584,-2.252597,1.958450,176.138779,-1.346696,90.398727,-0.015403,-0.704474,-0.708832,-0.032179
492,0.348087,0.651337,-8.671624,16.433441,-2.108980,4.616625,176.664993,-1.367095,90.284203,-0.012071,-0.705248,-0.708263,-0.029037
493,0.394599,0.489142,-8.389030,19.267048,-1.872273,4.987436,177.246689,-1.399167,90.120392,-0.008329,-0.706315,-0.707385,-0.025627
494,0.373107,0.432915,-8.483641,24.110321,-1.989566,4.508306,177.966919,-1.437894,89.958595,-0.003680,-0.707353,-0.706527,-0.021414
495,0.353921,0.214636,-8.101488,26.264957,-1.292036,2.442211,178.823227,-1.472602,89.839653,0.001803,-0.708093,-0.705928,-0.016350
496,0.301144,0.070215,-7.936900,33.012695,-0.185594,-0.577588,179.858871,-1.517920,89.805855,0.008478,-0.708253,-0.705834,-0.010251
497,0.339515,0.174459,-7.743884,38.478519,1.187880,-1.958550,-178.969788,-1.601665,89.847351,0.016234,-0.707862,-0.706156,-0.003548
498,0.261309,-0.061576,-7.545682,40.182838,2.465194,-1.767814,-177.728363,-1.718581,89.908302,0.024620,-0.707244,-0.706533,0.003393
499,0.188730,-0.440137,-7.323066,42.918873,3.232746,-1.598434,-176.321136,-1.821769,89.958214,0.033934,-0.706550,-0.706756,0.011447
500,0.115961,-0.488907,-7.324876,47.898079,3.022072,-0.862930,-174.757126,-1.882914,89.990204,0.043944,-0.705801,-0.706742,0.020726
501,0.107430,-0.772820,-7.157352,48.876278,3.145510,-2.063817,-173.103912,-1.913397,90.028351,0.054299,-0.704844,-0.706613,0.030750
502,0.060236,-1.185079,-7.521767,52.637932,2.476950,-0.624840,-171.295700,-1.913726,90.058830,0.065405,-0.703711,-0.706227,0.041911
503,0.155074,-1.699115,-7.731294,51.353584,2.455404,1.897555,-169.334518,-1.902342,90.019577,0.077387,-0.702738,-0.705160,0.054035
504,0.199548,-1.781918,-8.015040,56.360611,3.163329,3.344166,-167.316498,-1.925180,89.909851,0.089954,-0.701922,-0.703441,0.066218
505,0.435304,-2.266060,-8.634800,54.177334,4.117064,3.035931,-165.316391,-2.032142,89.773270,0.102936,-0.700986,-0.701416,0.077706
506,0.556782,-2.549067,-8.916563,57.862717,5.147249,3.028265,-163.314224,-2.243136,89.627579,0.116562,-0.699758,-0.699228,0.088507
507,0.776069,-2.842225,-9.033849,57.753025,6.676537,1.242851,-161.301422,-2.561143,89.492523,0.130874,-0.698066,-0.697022,0.098671
508,1.066242,-2.946810,-9.275491,64.052017,8.711081,-0.718122,-159.278503,-3.041746,89.391403,0.146161,-0.695658,-0.695023,0.107889
509,1.400988,-3.420176,-9.247105,58.201492,10.686309,-6.162876,-157.299118,-3.729427,89.370735,0.162288,-0.692201,-0.693648,0.115643
510,1.162147,-3.653767,-9.025554,64.537048,13.039914,-8.821290,-155.300858,-4.511971,89.431931,0.178918,-0.687699,-0.692762,0.123040
511,1.439814,-4.034073,-9.200382,63.520645,12.027207,-7.275763,-153.237915,-5.270063,89.487724,0.195683,-0.682759,-0.691661,0.130971
512,1.589990,-4.811127,-8.903266,69.119308,13.520113,-9.816688,-151.008804,-6.068158,89.527206,0.213558,-0.677123,-0.690218,0.139629
513,1.461358,-5.393944,-9.016308,77.767021,11.973246,-7.627172,-148.426102,-6.798375,89.539581,0.232990,-0.670601,-0.687955,0.150758
514,1.418659,-5.780450,-8.830607,93.227982,8.479090,-4.477746,-145.435486,-7.300217,89.499077,0.253351,-0.663437,-0.684293,0.165550
515,1.168723,-6.403633,-8.519660,97.336105,5.041191,-0.305820,-142.094315,-7.520746,89.406494,0.273983,-0.655796,-0.679007,0.183889
516,0.899874,-7.650564,-8.300026,102.952095,4.575566,5.375460,-138.455322,-7.431367,89.206169,0.294528,-0.648169,-0.671531,0.205371
517,0.944313,-7.946164,-7.914851,103.856125,1.068692,13.087851,-134.646881,-7.067783,88.885696,0.314547,-0.640866,-0.661807,0.228828
518,0.854304,-8.485644,-7.723265,96.741226,-0.028733,13.668058,-131.036926,-6.538482,88.549927,0.332459,-0.634068,-0.651226,0.251662
519,0.957848,-8.583646,-7.639819,82.563995,0.839270,17.206968,-127.948112,-5.969054,88.213173,0.347199,-0.628458,-0.640974,0.271378
520,1.266734,-9.094797,-7.652544,72.201210,0.498878,18.346924,-125.442909,-5.443797,87.855591,0.358995,-0.624297,-0.631578,0.287201
521,1.593577,-8.558270,-7.121631,66.080193,0.383003,16.906229,-123.361275,-5.080929,87.532867,0.369239,-0.620565,-0.623520,0.299641
522,1.207497,-8.469107,-7.248021,63.086903,0.441101,11.768125,-121.638474,-4.839157,87.299324,0.377918,-0.616971,-0.617001,0.309571
523,1.283447,-8.431265,-6.881368,56.516579,0.615104,10.055763,-120.210037,-4.658779,87.143913,0.385093,-0.613625,-0.611735,0.317725
524,0.938858,-9.232116,-6.267093,55.529881,-0.166147,11.789024,-118.782494,-4.429402,86.992729,0.391980,-0.610331,-0.606234,0.326079
525,0.751879,-9.104445,-5.680442,63.067360,0.575402,9.440622,-117.075699,-4.110672,86.842438,0.399876,-0.606275,-0.599524,0.336305
526,0.329750,-9.228710,-5.602978,64.293602,1.153582,8.386390,-115.234543,-3.747904,86.709465,0.408174,-0.601691,-0.592178,0.347401
527,0.559896,-9.631683,-4.880994,60.534756,1.798901,12.357066,-113.374100,-3.330147,86.542656,0.416365,-0.597279,-0.584200,0.358620
528,0.391855,-9.590349,-4.378029,64.170807,2.071961,12.341951,-111.395500,-2.896582,86.335358,0.425187,-0.592565,-0.575357,0.370199
529,0.394866,-9.453313,-4.158498,62.157818,2.236685,10.251574,-109.420532,-2.493717,86.146942,0.434036,-0.587520,-0.566491,0.381472
530,0.665571,-9.723435,-3.726619,54.100605,2.183275,11.252539,-107.630165,-2.195900,85.971489,0.442352,-0.582602,-0.558479,0.391152
531,0.436155,-10.102924,-3.406347,46.887344,0.646695,9.625797,-106.042923,-1.928733,85.827827,0.449629,-0.578092,-0.551281,0.399666
532,0.266323,-9.685163,-3.026482,44.453300,-0.131539,5.960544,-104.610001,-1.669441,85.753830,0.455883,-0.573739,-0.544876,0.407560
533,0.166902,-9.689728,-2.771244,41.537037,-0.683956,7.428574,-103.281342,-1.404250,85.717651,0.461415,-0.569580,-0.538898,0.415047
534,0.016760,-9.935804,-2.749896,38.422329,-1.288269,8.126084,-102.088463,-1.063892,85.697693,0.465837,-0.566127,-0.533098,0.422260
535,-0.148806,-9.659729,-2.693413,35.295235,-2.402263,8.693990,-101.084801,-0.649514,85.708199,0.468852,-0.563555,-0.527760,0.429015
536,0.276850,-9.120035,-2.484023,32.540298,-2.954674,7.325302,-100.256859,-0.335752,85.752159,0.471321,-0.561152,-0.523581,0.434543
537,0.152056,-9.534426,-2.604497,27.795437,-3.156078,8.226995,-99.614166,-0.125273,85.810234,0.473285,-0.559045,-0.520553,0.438743
538,0.164318,-9.789362,-2.444376,24.210251,-2.927173,5.107891,-99.120140,0.056887,85.874954,0.474618,-0.557409,-0.518216,0.442137
539,0.227490,-9.395376,-2.209049,22.268566,-1.825426,1.683533,-98.682182,0.093312,85.935410,0.476346,-0.555459,-0.516664,0.444542
540,0.120566,-9.771633,-2.334349,19.689014,-1.201293,-0.199639,-98.333328,0.038642,85.980644,0.478105,-0.553590,-0.515755,0.446038
541,-0.049855,-10.306523,-2.097841,16.160416,-0.482574,-0.134070,-98.049248,0.015474,86.008606,0.479471,-0.552188,-0.514880,0.447321
542,-0.217788,-10.216998,-1.864430,13.495696,-0.252176,-0.956426,-97.771149,0.055301,86.023262,0.480573,-0.551112,-0.513696,0.448822
543,-0.152725,-10.255788,-1.661197,9.653105,-1.407324,1.502002,-97.532562,0.146077,86.049736,0.481209,-0.550348,-0.512505,0.450437
544,-0.197639,-10.750142,-1.294652,7.733428,-1.823920,3.348511,-97.272865,0.299951,86.092995,0.481595,-0.549667,-0.511041,0.452514
545,-0.222671,-10.764248,-0.991889,7.793162,-1.131170,5.565828,-96.908066,0.523907,86.124382,0.482216,-0.548873,-0.508797,0.455337
546,-0.289752,-10.845143,-1.246816,7.767417,-0.059991,8.237878,-96.555496,0.828958,86.118126,0.482564,-0.548615,-0.506061,0.458318
547,-0.092010,-11.129380,-1.631427,3.296335,2.079351,9.605160,-96.428986,1.145781,86.050262,0.482022,-0.549626,-0.503871,0.460087
548,-0.049487,-11.285994,-1.693433,-4.380918,5.007619,9.275457,-96.604309,1.395216,85.894325,0.480686,-0.552022,-0.502753,0.459839
549,0.052771,-10.904099,-2.359570,-13.830089,6.136844,6.214241,-97.218147,1.527876,85.672211,0.478010,-0.556079,-0.503565,0.456842
550,0.114358,-10.897411,-3.029908,-26.371302,6.005682,3.186498,-98.443710,1.506647,85.438080,0.473053,-0.562117,-0.507364,0.450363
551,0.179184,-10.685464,-3.241310,-40.789639,6.835873,-2.349925,-100.228638,1.306862,85.211357,0.466031,-0.569688,-0.514024,0.440511
553,0.225523,-10.359728,-3.727335,-55.726883,6.098953,-6.145296,-102.549011,0.932113,85.016991,0.456867,-0.578530,-0.523380,0.427375
554,0.394738,-9.991572,-4.512486,-71.962967,4.914958,-9.728605,-105.515068,0.415168,84.896431,0.444612,-0.588895,-0.535673,0.410582
555,0.264057,-9.998191,-5.195800,-87.717056,4.687711,-10.566715,-109.104279,-0.142580,84.845291,0.428805,-0.600874,-0.550086,0.390490
556,0.154481,-9.574591,-5.808880,-103.802299,4.901402,-10.472299,-113.237350,-0.621530,84.829704,0.409257,-0.614462,-0.565416,0.367763
557,0.041828,-9.344049,-6.512183,-119.625076,4.452773,-6.419466,-117.888100,-0.951434,84.820282,0.385673,-0.629595,-0.580905,0.342660
558,0.046118,-8.982831,-7.018816,-129.874985,4.072754,-3.256152,-122.892021,-1.116925,84.790154,0.358755,-0.645514,-0.595642,0.315939
559,0.026948,-8.675025,-7.679030,-128.761093,3.364630,0.191020,-127.928986,-1.162460,84.728035,0.330440,-0.660864,-0.608718,0.289017
560,0.305661,-8.426223,-8.168613,-116.664787,2.465812,4.562828,-132.591721,-1.138336,84.611359,0.303423,-0.674449,-0.619223,0.263850
561,0.790588,-8.748727,-8.298965,-99.849663,3.428826,3.727957,-136.470276,-1.223735,84.455536,0.281218,-0.684992,-0.627066,0.241848
562,0.541854,-8.947953,-8.687778,-78.559837,1.428564,3.675844,-139.381393,-1.353675,84.317329,0.264710,-0.692405,-0.632456,0.224732
563,0.680652,-9.415312,-8.950360,-58.677879,-1.363689,3.881694,-141.343643,-1.389567,84.217499,0.253199,-0.697317,-0.635678,0.213429
564,0.813777,-9.650743,-8.743747,-44.784611,-2.285081,-2.263389,-142.477356,-1.477901,84.223495,0.246764,-0.699582,-0.637973,0.206599
565,0.371511,-9.617816,-8.244292,-43.519402,-3.864227,-8.174915,-143.127106,-1.598590,84.405106,0.243139,-0.699723,-0.640482,0.202620
566,-0.108969,-8.938313,-8.388473,-47.336990,-8.976172,-4.756712,-143.790894,-1.482374,84.682533,0.237953,-0.699785,-0.643116,0.200200
567,0.569521,-7.938640,-8.165324,-54.698093,-8.544356,-9.097902,-144.793533,-1.352932,85.020782,0.230522,-0.700175,-0.646669,0.196045
568,0.204161,-7.409678,-7.623335,-64.337486,-6.653637,-12.468701,-146.119431,-1.394253,85.444633,0.221939,-0.700316,-0.651564,0.189117
569,-0.590356,-6.499754,-7.489727,-73.830460,-10.725135,-11.871804,-147.800217,-1.174294,85.924431,0.209638,-0.701128,-0.656832,0.181778
570,-0.146346,-5.495144,-7.808767,-87.004463,-12.567392,-13.745309,-150.094284,-0.791835,86.471733,0.192550,-0.702632,-0.663091,0.171880
571,-0.024157,-5.019072,-7.343003,-93.800331,-9.389097,-16.012697,-152.821808,-0.588986,87.069412,0.173773,-0.703821,-0.670378,0.158213
572,-0.445587,-4.860573,-7.104833,-97.333405,-9.896030,-13.755669,-155.550888,-0.338576,87.642906,0.154772,-0.704705,-0.677162,0.144530
573,-0.239717,-3.796452,-7.145875,-105.017059,-9.740799,-13.737145,-158.499252,0.004143,88.177559,0.133953,-0.705661,-0.683556,0.129808
574,0.280139,-2.948145,-7.168667,-111.817757,-4.448882,-9.957419,-161.936630,0.091526,88.622604,0.111777,-0.706771,-0.689806,0.110224
575,0.039168,-2.485362,-6.847436,-111.315491,-0.260025,-4.780028,-165.543518,0.002052,88.884621,0.089819,-0.708283,-0.694625,0.088112
576,0.041494,-1.839534,-6.664170,-114.016144,0.324464,-3.916374,-169.182022,-0.058426,89.027893,0.067574,-0.709871,-0.697995,0.065725
577,0.244843,-0.928893,-6.542102,-109.421738,1.861268,-4.223124,-172.971649,-0.210207,89.160126,0.044944,-0.710851,-0.700664,0.041719
578,0.338141,-0.330354,-6.532285,-104.798759,3.375382,-2.775082,-176.809601,-0.497221,89.279320,0.022855,-0.711173,-0.702453,0.016474
579,0.219409,-0.137328,-6.176274,-104.309433,5.249573,-2.732394,179.469467,-0.811205,89.380745,0.001687,-0.710915,-0.703227,-0.008288
580,0.015040,0.284391,-6.055523,-97.937500,5.692164,-2.376866,175.939789,-1.023615,89.480011,-0.018878,-0.710057,-0.703196,-0.031275
581,0.189719,0.950364,-6.078489,-91.553612,7.231829,-3.403819,172.506577,-1.230760,89.601639,-0.038812,-0.708498,-0.702600,-0.053647
582,0.165060,1.161345,-6.148115,-87.548721,9.140849,-4.700861,169.202927,-1.519029,89.786095,-0.057331,-0.706101,-0.701710,-0.075746
583,-0.016852,1.453751,-6.480466,-72.347878,9.918959,-7.581841,166.333023,-1.731413,90.056992,-0.073470,-0.702926,-0.701082,-0.094769
584,0.163068,1.685775,-6.952041,-51.986080,10.095797,-10.076767,164.178940,-1.897266,90.424194,-0.085304,-0.699302,-0.701264,-0.109215
585,0.425989,1.941766,-7.587615,-31.562971,12.581591,-14.305082,162.828644,-2.176630,90.918457,-0.091308,-0.695452,-0.702648,-0.119559
586,0.118002,1.981025,-8.333300,-11.722451,12.699069,-16.897623,162.290604,-2.417537,91.533829,-0.092419,-0.691439,-0.705546,-0.124807
587,0.024796,2.122687,-9.034475,0.983092,10.786788,-16.369715,162.412308,-2.479664,92.167664,-0.090610,-0.687674,-0.709426,-0.124933
588,-0.060936,2.039616,-9.384571,9.393284,9.535114,-15.796062,162.947342,-2.442593,92.765244,-0.086995,-0.684348,-0.713619,-0.121854
589,-0.085551,2.055792,-9.722221,15.619926,6.728469,-13.679710,163.754288,-2.333994,93.298843,-0.082313,-0.681525,-0.717747,-0.116565
590,-0.138671,2.009423,-9.717172,13.884228,3.343473,-10.823292,164.611588,-2.144889,93.725189,-0.077994,-0.679304,-0.721306,-0.110364
591,-0.002461,2.006734,-9.691196,13.936795,1.664525,-7.937861,165.390244,-1.935580,94.039215,-0.074415,-0.677689,-0.724082,-0.104429
592,-0.009106,2.023288,-9.550488,15.449514,1.270498,-5.240097,166.123520,-1.765090,94.257484,-0.070971,-0.676655,-0.726165,-0.098924
593,0.216928,1.953748,-9.425843,15.187457,0.751482,-1.225425,166.821289,-1.675362,94.365623,-0.067331,-0.676330,-0.727462,-0.094036
594,0.120374,2.059267,-9.417117,15.576819,1.175571,0.291325,167.452484,-1.646653,94.385078,-0.063773,-0.676550,-0.728105,-0.089869
595,0.233185,1.783885,-9.243194,16.390343,0.850451,2.659544,168.084106,-1.643134,94.341988,-0.060097,-0.677163,-0.728338,-0.085811
596,0.217468,2.020839,-9.250177,14.920978,0.272079,4.042027,168.657135,-1.662107,94.235214,-0.056666,-0.678144,-0.728113,-0.082227
597,0.220395,1.820063,-8.804279,2.747082,-0.237627,6.907702,168.927322,-1.675092,94.057274,-0.055109,-0.679413,-0.727242,-0.080501
598,0.114798,1.787216,-8.413762,-1.215851,-0.803840,8.641132,168.910583,-1.661846,93.801010,-0.055473,-0.681022,-0.725718,-0.080406
599,0.114324,1.624596,-8.011637,-3.520105,-0.860443,10.173129,168.789398,-1.625272,93.489273,-0.056645,-0.682915,-0.723802,-0.080802
600,0.023702,1.604107,-7.777892,-2.465758,-0.291462,11.314482,168.667282,-1.584830,93.134933,-0.057880,-0.685067,-0.721628,-0.081155
601,0.261903,1.030363,-7.286849,2.521202,-0.079441,12.083540,168.791290,-1.615438,92.747955,-0.057217,-0.687579,-0.719377,-0.080364
602,0.088356,1.161653,-7.361400,17.303301,-0.357201,10.108996,169.350861,-1.659039,92.377235,-0.053834,-0.690197,-0.717504,-0.076937
603,0.163069,0.844671,-7.292185,28.321005,0.143192,8.732605,170.368683,-1.658179,92.060883,-0.047901,-0.692627,-0.716250,-0.070424
604,0.166467,0.666633,-7.568382,41.423321,-0.322284,9.072897,171.881149,-1.669487,91.758064,-0.038846,-0.695096,-0.715277,-0.060930
605,0.311616,0.529882,-7.566031,50.088245,-1.347685,8.308431,173.758835,-1.688989,91.457306,-0.027459,-0.697521,-0.714342,-0.049249
606,0.104686,0.449423,-7.944000,56.522141,-1.832952,9.399484,175.825226,-1.652713,91.149834,-0.015200,-0.699814,-0.713250,-0.036098
607,0.310161,0.066443,-7.934920,66.061256,-1.384359,7.429526,178.140274,-1.600156,90.860214,-0.001441,-0.701780,-0.712073,-0.021358
608,0.254416,-0.076700,-8.370973,72.815506,-2.141158,10.194521,-179.297653,-1.572434,90.558235,0.014062,-0.703514,-0.710522,-0.005300
609,0.459057,-0.567434,-8.458782,73.594193,-1.240723,8.421406,-176.632233,-1.571356,90.242111,0.030445,-0.704955,-0.708511,0.011149
610,0.353949,-1.279236,-8.845119,83.041862,-0.720196,7.826310,-173.699783,-1.603387,89.962257,0.048741,-0.705658,-0.706281,0.028958
611,0.519594,-1.488210,-9.196626,84.608101,0.346618,7.730175,-170.594208,-1.651495,89.693771,0.068253,-0.705700,-0.703605,0.047630
612,0.547612,-2.356843,-9.353155,81.991776,1.544735,7.136572,-167.510910,-1.761162,89.429993,0.088035,-0.705140,-0.700511,0.065665
613,0.787529,-2.852121,-9.404524,83.262108,2.012034,5.819649,-164.391724,-1.940430,89.187660,0.108458,-0.703791,-0.697111,0.083373
614,0.730547,-3.238717,-9.208961,81.549171,2.653346,3.046959,-161.319412,-2.174280,89.002548,0.128858,-0.701494,-0.693704,0.100385
615,0.739023,-3.523870,-9.218264,75.841171,3.917173,2.491431,-158.455780,-2.420035,88.860634,0.147961,-0.698599,-0.690371,0.115997
616,0.856457,-4.109892,-8.941467,74.649872,4.671350,0.512188,-155.731979,-2.716281,88.742012,0.166418,-0.695176,-0.687048,0.130387
617,0.713992,-4.241971,-8.932778,70.542435,4.029247,3.052742,-153.138672,-2.977451,88.610565,0.183812,-0.691607,-0.683468,0.144097
618,0.838954,-4.925017,-9.060145,67.507607,4.282788,1.372597,-150.721161,-3.187104,88.468872,0.199782,-0.688060,-0.679724,0.156961
619,0.943418,-4.904866,-9.229290,66.332680,5.604506,1.010809,-148.469467,-3.452777,88.345184,0.214988,-0.684246,-0.676176,0.168443
620,1.214270,-5.501800,-9.289863,56.815300,6.022960,1.288310,-146.494980,-3.790881,88.207474,0.228907,-0.680593,-0.672904,0.177749
621,1.029368,-6.065398,-9.751619,56.619770,4.767418,0.024642,-144.695694,-4.097001,88.087784,0.241510,-0.676989,-0.669843,0.186194
622,1.109719,-6.182699,-9.516595,52.670353,3.772695,-1.705909,-143.024567,-4.340116,88.033241,0.252830,-0.673192,-0.667168,0.194360
623,0.954881,-6.452489,-9.444304,49.131321,3.258571,-4.049848,-141.523071,-4.567820,88.049232,0.262885,-0.669222,-0.665078,0.201756
624,0.991647,-6.784035,-9.458168,46.788574,-0.000777,0.134173,-140.141846,-4.680681,88.081467,0.271507,-0.665558,-0.663000,0.209159
625,0.899659,-6.622577,-8.994473,47.413681,-2.538402,-0.303812,-138.824387,-4.660388,88.130440,0.278934,-0.662159,-0.660795,0.217008
626,0.839539,-6.762995,-8.447673,50.458935,-3.736298,2.136127,-137.434158,-4.551069,88.196884,0.286208,-0.658610,-0.658271,0.225822
627,1.046232,-7.045756,-8.609075,63.306751,-4.500775,4.475307,-135.767334,-4.400359,88.229057,0.294858,-0.654573,-0.654779,0.236344
628,0.910442,-7.139291,-8.226797,65.662231,-4.178760,5.186289,-133.876221,-4.233014,88.236710,0.304684,-0.650008,-0.650458,0.248116
629,1.176909,-7.701509,-7.796845,68.826607,-3.310396,5.164768,-131.821259,-4.112673,88.222778,0.315667,-0.644842,-0.645542,0.260401
630,1.075924,-7.861863,-7.631889,74.185341,-3.096592,3.388368,-129.587540,-4.069829,88.216988,0.327959,-0.638718,-0.640206,0.273164
631,1.040603,-7.524039,-7.420028,67.255516,-1.649880,1.087051,-127.521500,-4.083956,88.248581,0.339417,-0.632486,-0.635388,0.284674
632,0.820135,-7.552968,-6.800723,54.801651,-1.196614,-1.241683,-125.865097,-4.141888,88.311867,0.348669,-0.626994,-0.631707,0.293693
633,0.549615,-7.551214,-6.352787,50.816738,-1.744481,0.040092,-124.452347,-4.114637,88.387802,0.356029,-0.622314,-0.628376,0.301848
634,0.182353,-7.703931,-5.945530,46.499279,-3.194335,0.418767,-123.129005,-3.905719,88.475479,0.361859,-0.618328,-0.624739,0.310531
635,0.132283,-7.883514,-5.520044,44.713524,-2.840629,4.804686,-121.813072,-3.535324,88.532806,0.366843,-0.614983,-0.620378,0.319927
636,0.251788,-8.415868,-5.060654,46.866516,-3.997519,8.171238,-120.329063,-3.086824,88.527061,0.372464,-0.611641,-0.614827,0.330385
637,0.363249,-8.732129,-5.022586,49.634647,-3.289618,11.201947,-118.670403,-2.624029,88.474922,0.379047,-0.607961,-0.608290,0.341599
638,0.439608,-8.768578,-4.798066,49.773540,-3.130967,12.103852,-116.994316,-2.186338,88.389183,0.385921,-0.604244,-0.601395,0.352533
639,0.592827,-8.692097,-4.628930,49.582710,-2.131446,11.946595,-115.377159,-1.833787,88.292198,0.392925,-0.600420,-0.594705,0.362536
640,0.488814,-8.711889,-4.611731,45.378494,-1.849076,10.486112,-113.932602,-1.556254,88.199097,0.399364,-0.596838,-0.588676,0.371150
641,0.352103,-8.715014,-4.280413,40.786587,-1.292070,9.993117,-112.682106,-1.282742,88.115974,0.404757,-0.593806,-0.583228,0.378697
642,0.374293,-8.797699,-4.147024,39.444901,-1.606373,9.114069,-111.532639,-1.026858,88.044373,0.409659,-0.590965,-0.578141,0.385607
643,0.386441,-9.004952,-3.873142,38.289417,-1.122593,9.432817,-110.405991,-0.807227,87.978249,0.414589,-0.588008,-0.573205,0.392171
644,0.095228,-9.105066,-3.812398,37.069862,-1.275161,8.355437,-109.309746,-0.553599,87.916397,0.419162,-0.585219,-0.568197,0.398715
645,-0.037068,-9.244615,-3.564310,35.140755,-1.098186,8.627131,-108.267784,-0.232504,87.864952,0.423075,-0.582782,-0.563111,0.405314
646,-0.073822,-9.533142,-3.431028,34.495014,-1.613988,9.941063,-107.237877,0.132026,87.815514,0.426698,-0.580506,-0.557837,0.412019
647,-0.152820,-9.555305,-2.999084,32.701908,-1.734573,9.108018,-106.186066,0.507198,87.778778,0.430323,-0.578101,-0.552424,0.418866
648,0.012828,-9.571218,-2.913496,32.208961,-2.894280,8.380165,-105.141266,0.815048,87.774780,0.434105,-0.575296,-0.547377,0.425401
649,-0.109487,-9.675326,-2.498535,30.029928,-3.319996,8.163422,-104.106834,1.077671,87.805031,0.437905,-0.572176,-0.542640,0.431735
650,0.045345,-9.926940,-2.353066,30.248257,-4.026470,5.068722,-103.044197,1.260649,87.872498,0.442060,-0.568454,-0.538223,0.437903
651,0.045125,-9.751758,-2.010168,27.925978,-3.483188,-1.491462,-101.986588,1.233185,87.981995,0.446995,-0.563736,-0.534808,0.443146
652,-0.142502,-9.911117,-1.950539,26.909901,-3.190179,-4.786095,-100.981163,1.075893,88.112534,0.452156,-0.558588,-0.532171,0.447581
653,-0.458680,-9.790400,-1.964631,25.525925,-1.916050,-6.429425,-100.085907,0.952416,88.230957,0.456619,-0.554015,-0.529734,0.451607
654,-0.569589,-9.716780,-1.934520,22.814228,-0.826596,-4.272972,-99.339851,0.938315,88.306900,0.459980,-0.550626,-0.527205,0.455285
656,-0.400898,-9.614106,-1.604535,20.085766,-0.324617,0.820876,-98.676094,1.033044,88.335876,0.462606,-0.548191,-0.524307,0.458894
657,-0.288047,-9.738041,-1.662570,20.151283,-0.800732,4.533621,-98.050758,1.205300,88.341583,0.464770,-0.546312,-0.521108,0.462579
658,-0.253084,-9.504786,-1.535952,18.616024,-1.922296,7.175076,-97.488968,1.441915,88.358871,0.466279,-0.544884,-0.517927,0.466301
659,-0.147359,-9.728386,-1.208277,15.994426,-3.680157,7.849512,-96.938972,1.691023,88.419502,0.467492,-0.543356,-0.514921,0.470182
660,-0.211246,-9.846346,-1.209522,16.331684,-4.514828,5.288922,-96.383163,1.882783,88.529778,0.468784,-0.541353,-0.512343,0.474008
661,-0.387672,-9.933565,-1.149497,14.686712,-4.314930,1.887624,-95.872849,2.012174,88.662918,0.470042,-0.539185,-0.510302,0.477422
662,-0.479701,-9.770369,-0.923557,11.987491,-3.231557,-0.193451,-95.357559,2.190430,88.788528,0.471117,-0.537226,-0.507975,0.481038
663,-0.479928,-9.992653,-0.871588,10.457174,-1.983388,-1.271975,-94.890297,2.319987,88.882118,0.472315,-0.535411,-0.505889,0.484076
664,-0.407561,-9.884793,-0.704354,8.955966,-1.067850,-2.423992,-94.420837,2.289994,88.944130,0.474379,-0.533077,-0.504320,0.486266
665,-0.335241,-9.721370,-0.495797,8.363152,-0.704704,-2.593467,-93.764183,2.163968,88.994156,0.477785,-0.529615,-0.502304,0.488794
666,-0.441336,-9.674262,-0.610983,9.172441,-0.912253,-0.950004,-93.209328,2.126451,89.034706,0.480340,-0.526964,-0.500281,0.491224
667,-0.540717,-9.910382,-0.552346,7.623683,-1.254091,1.020443,-92.901054,2.356683,89.072701,0.480552,-0.526455,-0.498126,0.493747
668,-0.427313,-9.758889,-0.534253,6.387613,-1.367028,2.034036,-92.699463,2.589930,89.113441,0.480247,-0.526395,-0.496420,0.495821
669,-0.418123,-9.967102,-0.526732,4.179494,-0.674255,2.871803,-92.571671,2.688871,89.141731,0.480263,-0.526145,-0.495562,0.496928
670,-0.306823,-10.301354,-0.126276,4.445134,0.163477,3.013616,-92.366592,2.740815,89.148819,0.480939,-0.525469,-0.494475,0.498072
671,-0.115578,-10.225203,0.058493,8.791348,1.214832,1.472175,-91.966469,2.693037,89.131065,0.483063,-0.523664,-0.492863,0.499512
672,0.021865,-10.204819,0.169753,13.319237,2.461506,-1.180292,-91.378471,2.502021,89.078674,0.486828,-0.520606,-0.490904,0.500980
673,-0.247061,-10.558331,0.332473,15.341596,2.969627,-2.265557,-90.663063,2.285730,88.998039,0.491384,-0.516989,-0.488368,0.502753
674,-0.432905,-10.512088,0.194874,17.809425,3.283952,-3.165943,-89.920441,2.151612,88.901375,0.495741,-0.513635,-0.485269,0.504910
675,-0.337626,-10.439597,0.029538,13.691103,3.943146,-4.386703,-89.328369,2.017500,88.782761,0.499500,-0.510994,-0.482729,0.506318
676,-0.615360,-10.313471,-0.269098,6.938711,4.587095,-4.751307,-89.071846,1.910553,88.635658,0.501759,-0.510036,-0.481423,0.506294
677,-0.505308,-10.246435,-0.439455,-1.582518,4.498609,-3.615827,-89.207077,1.864718,88.474762,0.502065,-0.511109,-0.481510,0.504823
678,-0.412652,-9.831558,-0.429583,-8.620643,5.356199,-4.480905,-89.646477,1.788755,88.300117,0.501198,-0.513444,-0.483003,0.501880
679,-0.120271,-9.395568,-0.544472,-13.325649,6.288558,-3.469260,-90.293541,1.635894,88.097046,0.499842,-0.516482,-0.485599,0.497591
680,-0.331587,-9.433652,-0.891770,-16.794809,7.004238,-0.550222,-91.148613,1.539122,87.866608,0.497391,-0.520777,-0.488683,0.492527
681,-0.102996,-9.489637,-0.749396,-22.011126,7.103444,0.643007,-92.136719,1.512260,87.622528,0.494040,-0.525984,-0.491911,0.487123
682,-0.424680,-9.476181,-0.792740,-23.568069,6.396952,2.622143,-93.140175,1.561272,87.389320,0.490179,-0.531499,-0.494862,0.482022
683,-0.220715,-9.587568,-1.512638,-24.961945,6.587710,4.715780,-94.290245,1.700595,87.155777,0.485168,-0.537969,-0.497973,0.476680
684,-0.304820,-9.993855,-1.363311,-30.546080,7.164533,4.341913,-95.590446,1.822296,86.904137,0.479518,-0.545025,-0.501629,0.470509
685,-0.046052,-9.791225,-1.623953,-30.760319,6.818178,0.021894,-96.908630,1.808952,86.656265,0.474281,-0.551549,-0.505873,0.463621
686,-0.204807,-9.857253,-2.237265,-32.677685,5.479986,-4.894817,-98.355042,1.614208,86.453445,0.468983,-0.557649,-0.511519,0.455445
687,-0.139076,-10.089900,-2.842380,-39.661419,6.151443,-9.869452,-100.087708,1.281087,86.287361,0.462687,-0.564171,-0.518909,0.445382
688,-0.170066,-10.164389,-3.010508,-50.759102,6.171324,-14.201649,-102.140732,0.800109,86.150749,0.455272,-0.571217,-0.528069,0.433105
689,-0.368393,-10.092366,-4.051920,-62.803047,5.313762,-15.994540,-104.669434,0.297338,86.069939,0.445234,-0.579686,-0.539058,0.418506
690,-0.350091,-10.160927,-4.611643,-82.179329,5.225221,-13.973996,-107.850510,-0.126748,86.030060,0.431155,-0.590527,-0.551856,0.401047
691,-0.259626,-10.126045,-5.053533,-100.002136,7.497258,-8.753570,-111.608246,-0.438344,85.951309,0.413355,-0.603688,-0.565407,0.380807
692,0.023954,-9.657233,-5.752491,-114.228302,7.904627,-4.517467,-115.875275,-0.673650,85.804199,0.392236,-0.618652,-0.579190,0.357714
693,-0.035980,-9.538382,-6.512298,-121.610649,8.034277,1.069028,-120.490547,-0.802978,85.601990,0.368260,-0.634605,-0.592411,0.332733
694,0.365732,-9.109132,-7.064539,-124.729424,7.915253,4.838047,-125.205238,-0.869860,85.333336,0.342917,-0.650448,-0.604266,0.306900
695,0.523519,-8.772496,-7.832109,-121.152290,9.036919,7.068752,-129.836151,-0.989822,85.004120,0.317806,-0.665233,-0.614585,0.280625
696,0.514933,-8.534423,-8.271088,-112.542389,5.959274,7.901689,-134.144623,-1.095178,84.668625,0.293895,-0.678288,-0.622974,0.255839
697,0.505443,-8.808279,-8.736604,-97.958000,4.039808,8.870478,-137.834991,-1.128203,84.364342,0.272707,-0.689001,-0.629137,0.234724
698,0.928463,-8.653978,-8.933299,-86.897987,5.402726,5.299564,-140.855865,-1.266152,84.090187,0.255728,-0.697188,-0.633730,0.216605
699,0.786908,-8.750690,-8.709217,-71.540413,5.891379,2.049053,-143.177429,-1.557682,83.880257,0.243531,-0.702835,-0.637278,0.201477
700,0.422645,-8.927255,-8.832785,-55.130939,2.861090,-3.534430,-144.715378,-1.800085,83.804787,0.235542,-0.706011,-0.639917,0.191246
701,0.324969,-8.983118,-9.136526,-45.532928,2.949623,-9.140649,-145.698441,-2.003558,83.903038,0.230445,-0.707084,-0.642511,0.184678
702,0.565398,-8.366894,-9.062384,-53.342674,7.188694,-12.618207,-146.658463,-2.359158,84.086983,0.226203,-0.707317,-0.645796,0.177430
703,0.621312,-7.792728,-8.431878,-56.583790,9.679133,-14.562256,-147.798904,-2.896965,84.289795,0.221853,-0.707437,-0.649680,0.168020
704,0.212017,-7.300376,-8.369356,-57.696201,6.776790,-16.207100,-148.997803,-3.360333,84.550209,0.216671,-0.707431,-0.653742,0.158798
705,0.210262,-6.409230,-8.193604,-72.243057,3.921540,-14.938824,-150.555328,-3.620556,84.872696,0.208081,-0.708024,-0.658216,0.148848
706,0.907991,-5.678269,-7.311779,-83.759460,6.591940,-12.465220,-152.567627,-3.986551,85.152702,0.197360,-0.709364,-0.662953,0.135444
707,0.137004,-4.833779,-6.824640,-74.994728,2.853389,-14.248915,-154.595245,-4.287073,85.440361,0.186186,-0.710614,-0.667394,0.122264
708,-0.310932,-4.367424,-7.202351,-71.355797,-2.118741,-11.616278,-156.518921,-4.107694,85.781288,0.172866,-0.711902,-0.671277,0.112692
709,0.610514,-3.709838,-7.017016,-80.014572,1.033391,-9.810835,-158.659836,-3.988555,86.078346,0.158584,-0.713417,-0.675001,0.101296
710,0.479491,-3.059865,-6.723509,-78.097382,5.244965,-8.693819,-161.015198,-4.194766,86.308876,0.144917,-0.714914,-0.678553,0.086389
711,0.081204,-2.544905,-7.228407,-74.590508,3.404402,-6.760346,-163.433289,-4.258310,86.496735,0.130056,-0.716627,-0.681445,0.071863
712,0.714693,-2.493114,-7.482018,-79.953949,4.725649,-5.055799,-165.928864,-4.335780,86.638062,0.114807,-0.718371,-0.683778,0.056658
713,0.690711,-1.949779,-7.507460,-81.839806,4.478587,-6.006473,-168.542740,-4.592336,86.778458,0.099864,-0.719747,-0.685878,0.039544
714,0.431305,-1.523403,-7.808512,-81.636848,3.269994,-4.427131,-171.275177,-4.720909,86.928146,0.083411,-0.720934,-0.687598,0.022474
715,0.943731,-1.573903,-8.130599,-80.766922,3.604199,-5.008495,-173.920517,-4.866206,87.062630,0.067609,-0.721775,-0.688794,0.005756
716,0.664562,-0.980177,-8.225618,-81.390778,3.935451,-9.934182,-176.526306,-5.072160,87.294434,0.052437,-0.721637,-0.690194,-0.011104
717,0.518237,-0.363299,-8.166448,-85.075912,2.166761,-9.575582,-179.335876,-5.118248,87.616325,0.035087,-0.720751,-0.691731,-0.028214
718,0.638708,-0.037131,-8.152972,-88.457466,1.876661,-9.430620,177.693268,-5.098331,87.935699,0.016399,-0.719493,-0.692783,-0.045965
719,0.378473,0.551765,-8.089176,-90.633606,1.482717,-12.435190,174.599319,-5.008369,88.306282,-0.003369,-0.717433,-0.693664,-0.064100
720,0.345182,1.452905,-7.743630,-95.327919,0.475203,-11.797430,171.198593,-4.796917,88.725952,-0.025635,-0.714438,-0.694234,-0.083434
721,0.561553,1.774608,-7.512343,-96.010811,-0.016393,-9.870283,167.600021,-4.613507,89.106277,-0.048825,-0.710908,-0.693804,-0.104222
722,0.441870,2.242292,-7.424626,-88.783234,0.500747,-9.696418,164.146698,-4.462312,89.448868,-0.070773,-0.706955,-0.692631,-0.124366
723,0.521523,2.562754,-7.264624,-79.912163,1.587063,-9.952862,160.997589,-4.320453,89.792404,-0.090609,-0.702564,-0.691240,-0.142762
724,0.557790,2.802164,-7.194271,-65.446884,2.479678,-9.112130,158.321182,-4.242815,90.129829,-0.106997,-0.698156,-0.689884,-0.158715
725,0.528541,3.030298,-7.244619,-50.528179,3.056441,-8.402612,156.236298,-4.192232,90.444099,-0.119520,-0.694154,-0.688864,-0.171265
726,0.676067,3.198450,-7.504789,-31.799002,4.054409,-7.332935,154.830048,-4.197787,90.733131,-0.127542,-0.690907,-0.688446,-0.180061
727,0.876321,3.272689,-8.130231,-10.667663,4.768688,-8.727537,154.254547,-4.297698,91.028076,-0.129926,-0.688602,-0.689149,-0.184443
728,0.838120,3.398144,-8.498146,-2.599501,4.025728,-8.870845,154.292526,-4.400640,91.336098,-0.128571,-0.686910,-0.690896,-0.185169
729,0.853642,3.415542,-9.023295,3.698732,3.333055,-9.429224,154.638077,-4.443958,91.638062,-0.125750,-0.685520,-0.693192,-0.183672
730,0.753998,3.243557,-9.317643,10.853190,2.358005,-10.660561,155.294266,-4.412817,91.948257,-0.121527,-0.684312,-0.696135,-0.179846
731,0.482656,3.517868,-9.426718,8.246244,0.612189,-11.272455,155.997559,-4.239590,92.271202,-0.117904,-0.682890,-0.699411,-0.174884
732,0.392658,3.475654,-9.104583,0.771347,-1.602220,-8.327498,156.418106,-3.950603,92.543091,-0.116783,-0.681344,-0.702087,-0.170898
733,0.340034,3.640116,-9.159183,2.666962,-2.704247,-7.181633,156.660416,-3.627385,92.738396,-0.117064,-0.680041,-0.704067,-0.167718
734,0.429390,3.649371,-8.975745,0.791860,-3.018829,-6.113571,156.831650,-3.331076,92.896858,-0.117663,-0.678918,-0.705670,-0.165093
735,0.536950,3.834088,-8.916383,-0.729395,-2.928897,-5.602421,156.868896,-3.113507,93.034927,-0.118600,-0.677865,-0.706841,-0.163733
736,0.622244,3.751647,-8.872106,0.468465,-2.516866,-5.664970,156.861603,-2.972759,93.171875,-0.119326,-0.676855,-0.707833,-0.163098
737,0.606508,3.937344,-8.902950,1.878378,-0.995428,-7.431957,156.871445,-2.879706,93.350883,-0.119594,-0.675654,-0.709030,-0.162680
738,0.537579,3.960192,-8.942936,1.789751,-0.272070,-7.199992,156.863480,-2.798469,93.570084,-0.119838,-0.674197,-0.710420,-0.162485
739,0.366220,4.087350,-8.981287,-2.795828,-0.215639,-5.793110,156.754562,-2.689655,93.770218,-0.120876,-0.672717,-0.711588,-0.162738
740,0.236979,4.233659,-9.110260,-11.071171,0.449516,-3.606536,156.397537,-2.551304,93.921028,-0.123621,-0.671238,-0.712150,-0.164314
741,0.348042,4.222151,-9.196787,-18.931440,0.811017,-0.814166,155.785873,-2.464542,94.001129,-0.127629,-0.669967,-0.711852,-0.167700
742,0.303978,4.467043,-9.037046,-34.898987,1.148152,0.914653,154.763702,-2.442576,94.017799,-0.133712,-0.668670,-0.710456,-0.173935
743,0.472055,4.624271,-8.675628,-41.116013,1.892777,1.895792,153.303497,-2.491496,94.005356,-0.141936,-0.667055,-0.708036,-0.183240
744,0.580142,4.578324,-8.532692,-30.595118,2.610062,0.475188,151.936813,-2.625407,94.012688,-0.149036,-0.665460,-0.705631,-0.192449
745,0.645334,4.654030,-8.214886,-17.086349,2.170765,-0.280069,151.022308,-2.784991,94.054504,-0.153278,-0.664225,-0.704054,-0.199044
746,0.541698,4.722784,-8.117270,-3.189971,1.459821,0.395978,150.576828,-2.910089,94.088287,-0.155022,-0.663602,-0.703263,-0.202539
747,0.523495,4.399172,-8.330617,17.548912,-0.183544,1.880737,150.832016,-2.978396,94.064766,-0.153160,-0.664190,-0.703463,-0.201332
748,0.397047,4.245475,-8.953983,30.823385,-2.951613,3.904118,151.857010,-2.962598,93.943878,-0.147517,-0.666254,-0.704558,-0.194785
749,0.187128,3.915336,-9.414208,41.781834,-6.925332,6.754479,153.448914,-2.795809,93.692673,-0.139692,-0.669569,-0.705984,-0.183713
750,-0.042796,2.991340,-10.489780,53.773899,-10.279706,10.408945,155.697052,-2.466475,93.284637,-0.129185,-0.674307,-0.707516,-0.167458
751,-0.058799,2.146017,-11.956422,44.202286,-10.918008,11.364057,158.319763,-2.058599,92.777931,-0.116927,-0.679788,-0.708674,-0.148317
752,0.520345,2.129948,-11.925391,22.136471,-7.477248,5.621999,160.444504,-1.782169,92.371460,-0.106502,-0.684089,-0.709192,-0.133141
753,0.292260,2.095243,-10.382560,1.121529,-2.868953,2.706015,161.612976,-1.673450,92.157852,-0.100432,-0.686364,-0.709349,-0.125069
754,0.118956,2.330132,-9.102299,-18.673290,1.228057,3.017303,161.804016,-1.632622,92.044182,-0.099664,-0.687197,-0.708918,-0.123544
755,0.375669,2.921794,-7.670827,-38.557510,4.484385,-0.271061,160.904922,-1.739491,92.029663,-0.104405,-0.686585,-0.707723,-0.129726
756,0.478865,3.563692,-6.258765,-37.467567,4.927157,-1.905275,159.115158,-1.996506,92.135361,-0.113393,-0.684487,-0.705934,-0.142394
757,-0.072830,3.631709,-6.461377,-24.758181,1.054343,3.639871,157.329514,-2.081522,92.172012,-0.123470,-0.682508,-0.703737,-0.153919
759,0.197553,3.990107,-7.355652,-15.294049,-3.134558,5.820281,156.104782,-1.981778,92.030350,-0.131572,-0.681898,-0.701345,-0.160681
760,0.732526,4.440278,-8.011445,-15.580306,-4.631336,4.163161,155.166779,-2.006111,91.840553,-0.137275,-0.681987,-0.698844,-0.166333
761,0.568370,4.658221,-8.440667,-13.771317,-4.727157,4.373850,154.323029,-2.082713,91.660217,-0.142093,-0.682153,-0.696416,-0.171702
762,0.593683,5.201545,-8.587523,-13.047298,-3.872424,4.584498,153.504639,-2.125587,91.478233,-0.146980,-0.682281,-0.694025,-0.176691
763,0.525843,5.579968,-7.611880,-9.201705,-2.595023,4.970603,152.539139,-2.196696,91.310951,-0.152556,-0.682126,-0.691405,-0.182728
764,0.673534,5.312510,-7.787041,2.400058,-2.549001,6.276863,151.780518,-2.326842,91.131073,-0.156573,-0.682366,-0.688901,-0.187822
765,0.517572,4.623847,-8.305701,12.615487,-3.529961,9.301329,151.737579,-2.466664,90.866638,-0.156415,-0.684090,-0.687028,-0.188543
766,0.604996,4.998410,-8.710600,19.439220,-4.747515,10.042991,152.189377,-2.566091,90.520531,-0.153676,-0.686911,-0.685535,-0.185957
767,0.752513,4.757314,-7.321102,31.878000,-4.498530,9.975961,152.793655,-2.716163,90.163887,-0.149712,-0.690042,-0.684124,-0.182765
768,0.810507,4.045105,-8.591255,41.736740,-6.349137,8.930865,153.911896,-2.875332,89.803581,-0.142564,-0.693821,-0.683452,-0.176583
769,0.783245,4.207800,-8.956167,44.256287,-4.629140,2.776961,155.473099,-2.943425,89.538895,-0.133073,-0.697359,-0.684085,-0.167357
770,0.635679,4.853193,-7.591322,53.589779,-0.615736,-1.877039,156.824982,-2.978569,89.500954,-0.124677,-0.699146,-0.685732,-0.159446
771,0.622837,3.915322,-8.157296,59.454567,0.737938,-4.854091,158.288254,-3.020031,89.624916,-0.115325,-0.699978,-0.688414,-0.151053
772,0.508651,4.002409,-8.342614,63.741882,1.253795,-8.266049,160.077438,-3.016892,89.852837,-0.104122,-0.700315,-0.692087,-0.140475
773,0.252036,4.144593,-7.686044,70.361855,3.899674,-8.087601,161.810104,-2.961864,90.164635,-0.093504,-0.699873,-0.696101,-0.129915
774,0.264699,3.630936,-6.935814,82.477745,1.865459,-3.232242,163.641678,-2.906832,90.413162,-0.082387,-0.699722,-0.699665,-0.118618
775,0.438407,2.816871,-7.397711,96.321312,-0.708816,-0.201830,166.067963,-2.884411,90.503586,-0.067611,-0.700742,-0.702593,-0.103695
776,0.309591,2.251006,-5.842078,119.439651,-2.480383,5.143444,169.207382,-2.861610,90.434334,-0.048582,-0.702748,-0.704762,-0.084241
777,0.254195,0.948920,-6.348928,146.719727,-6.453938,10.355977,173.461441,-2.731070,90.166733,-0.023407,-0.705690,-0.705822,-0.057172
778,0.434944,-0.294103,-5.626122,176.854691,-11.220841,13.487229,179.327225,-2.506982,89.728287,0.011271,-0.708690,-0.705156,-0.019646
779,0.116418,-1.762690,-5.717649,205.294067,-16.202957,16.078367,-173.241867,-2.038806,89.207390,0.054430,-0.709894,-0.701614,0.028737
780,-0.137810,-3.754404,-6.054180,227.296829,-22.975357,18.674131,-164.413651,-1.115715,88.719406,0.103687,-0.707404,-0.693614,0.087903
781,-0.142095,-5.983734,-7.688132,243.994293,-26.435005,17.902187,-154.804260,0.056812,88.417053,0.156003,-0.699625,-0.680407,0.152427
782,-0.822566,-9.273759,-9.016404,246.626923,-24.943060,17.548374,-145.047806,1.301029,88.351669,0.207822,-0.686432,-0.662209,0.217027
783,-1.148691,-12.384582,-10.046928,233.348297,-20.043800,14.850777,-135.697876,2.461862,88.470642,0.256207,-0.669097,-0.640166,0.277227
784,-1.192863,-14.847613,-10.167912,206.723129,-10.430792,11.400823,-127.346703,3.278270,88.625580,0.299292,-0.649921,-0.616786,0.328028
785,-1.662420,-15.997312,-9.061995,167.760193,1.658878,5.771840,-120.390785,3.714964,88.643829,0.335760,-0.631723,-0.594425,0.367219
786,-1.772414,-16.896488,-6.036200,128.760590,8.288764,4.301067,-114.752785,3.931228,88.483551,0.365843,-0.615922,-0.574021,0.396610
787,-1.354880,-16.087187,-3.207140,100.554337,8.471642,2.047425,-110.012321,4.028034,88.261307,0.391322,-0.601664,-0.555598,0.419736
788,-1.420032,-14.637507,-1.145208,83.443443,5.436344,-0.398499,-105.834015,4.076946,88.118523,0.413300,-0.587841,-0.539002,0.439434
789,-1.307803,-13.124163,0.069891,77.081398,-0.367011,-1.747203,-101.933350,4.151635,88.141136,0.432614,-0.573604,-0.523540,0.457962
790,-0.904229,-12.193670,0.220731,77.981033,-7.430730,-1.493783,-98.205025,4.194617,88.367195,0.449903,-0.558387,-0.509284,0.475837
791,-0.699506,-10.701208,-0.485299,74.887978,-8.798067,-3.952090,-94.909714,4.123498,88.700409,0.464675,-0.543496,-0.497287,0.491320
792,-0.601749,-9.598492,-1.044144,62.604645,-5.831684,-6.176974,-92.432045,3.930783,88.966576,0.476029,-0.531407,-0.488645,0.502224
793,-0.144157,-9.194814,-1.290320,44.822464,-2.221291,-6.433627,-90.904663,3.583375,89.086334,0.484102,-0.523070,-0.484021,0.507707
794,-0.085459,-8.947805,-1.023882,25.982462,3.038649,-7.708275,-90.168243,3.108836,89.042580,0.489765,-0.518144,-0.482694,0.508591
795,-0.196779,-8.761803,-0.778824,12.490882,7.288407,-7.751404,-89.952759,2.659459,88.844902,0.493606,-0.516161,-0.482873,0.506720
796,-0.335312,-8.131736,-0.127032,4.190886,9.235515,-6.457595,-89.918533,2.339098,88.556763,0.496443,-0.515875,-0.482869,0.504237
797,-0.443124,-7.574904,0.519341,2.427157,8.846395,-2.537434,-89.705902,2.218214,88.259148,0.499238,-0.515693,-0.481140,0.503315
798,-0.857414,-6.884225,1.104893,7.537000,7.662237,2.991479,-89.053802,2.459176,88.004707,0.502241,-0.514924,-0.476029,0.505968
799,-1.059010,-6.529659,1.505417,16.323462,3.475039,13.507579,-87.851578,3.189041,87.866325,0.505086,-0.513298,-0.466701,0.513423
800,0.965883,-7.245809,-0.759215,24.814024,1.071676,16.847488,-87.019989,3.536101,87.819382,0.507517,-0.511288,-0.461130,0.518045
801,-0.394354,-8.414213,-1.741333,19.216583,1.363203,12.343524,-87.180786,3.571286,87.746086,0.506979,-0.512444,-0.461364,0.517221
802,-0.229211,-9.799449,-2.580672,7.784757,-0.942318,16.560932,-87.991005,3.937285,87.682251,0.502039,-0.517813,-0.463015,0.515213
803,0.051821,-10.951621,-3.140211,-3.467276,-5.146072,19.217054,-89.299690,4.287312,87.710625,0.494424,-0.524845,-0.467379,0.511507
804,0.136420,-11.597873,-4.015390,-13.112683,-5.820325,15.389305,-91.034767,4.518590,87.794754,0.485013,-0.532862,-0.474404,0.505728
805,-1.962575,-11.193669,-2.058536,-24.199381,-6.917297,18.146706,-92.776047,5.107115,87.906921,0.473686,-0.542043,-0.479906,0.501499
806,-0.438233,-10.637517,-1.578243,-18.692024,-10.257442,28.085276,-94.058304,5.992941,88.095390,0.462664,-0.549972,-0.482414,0.500749
807,-1.075537,-9.829128,-1.431905,-10.330771,-10.084924,25.288046,-94.904099,6.804208,88.331306,0.453747,-0.555492,-0.483603,0.501668
808,-0.762798,-9.387416,-1.414487,-4.029350,-6.677446,23.105814,-95.430489,7.553087,88.504967,0.446869,-0.559679,-0.483393,0.503388
809,-0.590613,-9.077090,-1.123966,2.154790,-5.159050,23.106842,-95.655441,8.099134,88.603622,0.442720,-0.562194,-0.482410,0.505191
810,-0.391021,-8.831543,-1.038253,11.174314,-5.828825,21.963146,-95.524223,8.491465,88.699966,0.441052,-0.562755,-0.480533,0.507807
811,-0.375240,-8.885715,-0.903962,12.877136,-6.390256,18.524271,-95.155853,8.721293,88.832260,0.441164,-0.561646,-0.478505,0.510844
812,0.510575,-9.547373,-0.763435,14.845603,-6.864687,15.045214,-94.656349,8.594494,89.003868,0.443448,-0.558523,-0.477688,0.513049
813,0.267009,-9.655675,-0.570459,23.094910,-8.430153,3.978916,-93.917480,8.066391,89.238808,0.448504,-0.552649,-0.477913,0.514804
814,0.009322,-10.058261,-0.433088,31.022318,-9.080115,-10.399869,-92.868286,7.255968,89.542992,0.455997,-0.544080,-0.478327,0.516959
815,-0.228700,-10.486176,-0.006094,39.390850,-8.007367,-24.395306,-91.489754,6.130037,89.861572,0.466300,-0.532697,-0.478705,0.519269
816,-0.397227,-10.591540,0.337659,52.877483,-7.644222,-38.527729,-89.683784,4.689634,90.150490,0.479873,-0.518086,-0.478369,0.521989
817,-1.115406,-10.190875,0.652304,67.088974,-7.743449,-50.309605,-87.407951,3.107186,90.387253,0.495973,-0.500636,-0.476219,0.525918
818,-1.191293,-9.873969,0.846004,73.856918,-6.673794,-55.369125,-84.833069,1.543538,90.528740,0.513114,-0.481769,-0.472108,0.530779
819,-1.089045,-9.854839,1.194018,79.033203,-4.073581,-57.873993,-82.128288,-0.016877,90.513168,0.530816,-0.462337,-0.466655,0.535455
820,-1.193533,-9.478524,1.136777,83.032707,-1.406151,-59.838409,-79.399025,-1.499377,90.309875,0.548458,-0.443273,-0.459953,0.539580
821,-1.638376,-9.244404,1.216247,81.547646,0.441994,-55.513939,-76.807251,-2.651752,89.961891,0.564323,-0.426464,-0.451815,0.543627
822,-0.970245,-9.057066,1.790800,78.202393,2.087266,-49.721416,-74.323051,-3.549055,89.525604,0.578747,-0.411319,-0.442684,0.547630
823,-1.819740,-9.271628,1.704068,74.716583,8.067821,-37.612865,-72.023361,-3.987161,88.990807,0.590977,-0.399413,-0.431889,0.551985
824,-1.845272,-8.856506,1.823983,64.461418,7.999810,-17.303474,-70.122261,-3.596612,88.507507,0.598575,-0.393326,-0.419074,0.558014
825,-0.408720,-9.019627,2.407871,53.986538,2.200276,0.682793,-68.577217,-2.950713,88.307968,0.602689,-0.389243,-0.407564,0.564932
826,0.393386,-9.048479,2.938483,47.084087,3.027479,10.740702,-67.224121,-2.477885,88.328140,0.605610,-0.384461,-0.398506,0.571506
827,0.042569,-8.736134,3.029960,41.376537,4.588564,17.995176,-66.033028,-1.877819,88.416786,0.607199,-0.380942,-0.389727,0.578192
828,0.729283,-8.484540,3.351886,35.113640,-2.590953,20.497665,-65.004280,-1.299505,88.662148,0.607494,-0.377652,-0.382306,0.584954
829,0.564017,-8.503516,3.607048,28.289331,-5.729959,19.609209,-64.130707,-0.948395,89.076820,0.607102,-0.373473,-0.377343,0.591234
830,-0.555715,-8.010406,3.587871,16.780489,-3.212099,23.741596,-63.532673,-0.271561,89.531219,0.604515,-0.372361,-0.372164,0.597832
831,-0.964896,-7.977304,3.327676,-3.560556,-6.503112,31.152327,-63.527618,0.918478,90.086205,0.597743,-0.376765,-0.367687,0.604614
832,-0.795844,-8.545881,3.138061,-21.521538,-10.897373,38.662201,-64.323090,2.260647,90.849892,0.586550,-0.385420,-0.367386,0.610277
833,0.253897,-10.084930,2.723393,-30.753260,-17.799076,45.315250,-65.809479,3.346836,91.849205,0.572366,-0.395336,-0.373059,0.613950
834,0.210723,-9.689511,2.582989,-10.586744,-24.260054,43.405674,-67.201515,4.101554,93.050308,0.558337,-0.402147,-0.380827,0.617664
835,-0.259803,-10.132216,3.806296,0.022065,-30.014507,48.283482,-67.719948,4.876975,94.454163,0.546009,-0.403960,-0.384624,0.625104
836,0.207169,-11.725061,3.449987,46.153172,-38.627048,32.005756,-67.130951,5.332433,96.005074,0.537811,-0.398343,-0.384514,0.635792
837,0.740257,-10.705848,3.601885,83.108711,-36.779568,16.394369,-65.250511,4.972391,97.440392,0.537542,-0.382812,-0.380679,0.647755
838,-0.916319,-8.737614,4.073469,113.941223,-23.780451,7.508235,-62.041782,4.538602,98.489807,0.543563,-0.361876,-0.367923,0.661980
839,-1.828040,-8.613198,4.525512,101.646843,-17.844349,9.837280,-58.390511,4.697897,99.240067,0.549847,-0.343004,-0.348088,0.677385
840,-0.620401,-9.246396,3.240605,95.009567,-19.525650,-1.150573,-55.557072,4.682786,99.817581,0.554746,-0.327544,-0.332966,0.688553
841,-0.106293,-6.207848,4.188791,75.450729,-6.482191,-7.645292,-53.198528,4.122674,100.043884,0.561780,-0.312135,-0.322219,0.695090
842,-1.166021,-6.511168,4.573472,61.169422,4.150496,2.793572,-51.009525,4.046930,100.012939,0.568060,-0.300980,-0.309192,0.700799
843,-1.788150,-7.554004,5.074943,29.614258,-1.320861,2.959086,-49.760323,4.597238,100.024879,0.569582,-0.298025,-0.298709,0.705359
844,-1.178242,-8.900910,6.405157,17.612068,-0.258318,-1.283994,-49.345692,4.943163,100.040405,0.569522,-0.297989,-0.294394,0.707234
845,-0.983734,-8.521359,8.202924,29.419577,14.552393,-29.827871,-48.654625,4.762295,99.516411,0.575080,-0.294793,-0.289723,0.706003
846,-2.046419,-9.551318,7.216362,66.865707,25.017454,-25.957832,-47.180077,4.702361,98.400253,0.585882,-0.289731,-0.278121,0.703880
847,-1.819621,-7.997948,6.319715,105.527359,23.936199,-39.693611,-44.764877,4.894711,97.031982,0.599767,-0.281587,-0.258848,0.702842
848,-0.326600,-6.855062,6.877843,104.330650,26.506010,-56.767052,-41.592831,4.507835,95.279564,0.619086,-0.266210,-0.237378,0.699655
849,-0.180985,-5.330170,5.687571,120.393936,33.328056,-68.726089,-38.076542,3.689713,93.019806,0.642628,-0.246462,-0.215589,0.692681
850,-1.171190,-3.886818,4.528817,113.304138,30.136126,-52.964619,-34.490807,3.509108,90.744926,0.664139,-0.228978,-0.190350,0.685752
851,-0.692217,-3.357737,6.227163,59.530834,19.113457,-54.288628,-31.595919,3.600276,88.825951,0.681009,-0.215527,-0.168839,0.679168
852,-0.246922,-4.297584,7.636105,6.407959,12.361217,-52.245365,-30.269329,3.137661,87.060890,0.694676,-0.207423,-0.160594,0.669784
853,0.186762,-3.871556,7.490666,6.361085,14.440583,-46.344864,-29.930328,2.439881,85.426689,0.705946,-0.203647,-0.160014,0.659215
854,0.710587,-3.401854,8.283063,-16.139336,13.247998,-49.450558,-29.734541,1.597621,83.828789,0.716772,-0.199916,-0.161357,0.648255
856,1.309612,-2.767420,9.026432,-28.837948,8.568302,-42.554005,-29.718418,0.504600,82.343422,0.726817,-0.195836,-0.165617,0.637147
857,0.505022,-1.803179,11.076924,-44.707916,-6.214261,-26.378149,-29.656979,-0.523428,81.346664,0.733933,-0.191224,-0.170146,0.629147
858,0.172914,-4.262167,12.359742,-69.870934,-12.504366,3.558853,-30.352596,-1.113724,81.176964,0.734539,-0.192692,-0.177441,0.625969
859,0.469201,-3.250427,12.539777,-27.127577,-10.616870,-11.691328,-30.933615,-1.565760,81.244194,0.733836,-0.193823,-0.183606,0.624664
860,0.262873,-2.109763,10.865018,32.218590,-11.533979,-4.028228,-29.456062,-2.051174,81.168083,0.737342,-0.181784,-0.178514,0.625631
861,-0.119624,-2.500214,9.899307,32.389324,-10.432016,3.851688,-27.014284,-2.263126,81.295692,0.740603,-0.164671,-0.166687,0.629767
862,0.876144,-3.151839,7.979649,26.958738,2.994558,-7.980421,-25.212423,-2.438765,81.260780,0.743487,-0.152074,-0.157848,0.631810
863,1.418252,-1.212144,7.331477,35.787945,5.447377,-31.619028,-23.311943,-3.057838,80.555359,0.750407,-0.137188,-0.150504,0.628823
864,0.705267,-2.448374,7.531941,3.224892,2.202500,-8.352157,-21.805231,-3.609766,79.837929,0.756558,-0.125143,-0.145032,0.625239
865,0.891884,-3.735635,8.777575,-40.452858,1.872616,-8.025744,-22.247751,-3.798667,79.549278,0.757804,-0.127393,-0.148358,0.622490
866,1.221938,-3.901534,9.189080,-35.669247,4.295403,-14.997843,-23.568758,-4.048861,79.163628,0.758597,-0.135270,-0.156702,0.617800
867,1.000771,-4.237898,8.836154,-14.533889,4.177519,-7.836819,-24.487120,-4.270193,78.769211,0.759813,-0.140692,-0.162609,0.613554
868,0.700974,-4.015262,8.603048,5.200690,5.411854,-1.972731,-24.728943,-4.261541,78.562134,0.760613,-0.142639,-0.163589,0.611850
869,0.933129,-4.510918,8.805920,0.672432,2.190261,3.793641,-25.028902,-4.310494,78.566597,0.760260,-0.144356,-0.165516,0.611368
870,1.018190,-4.866413,9.371881,-3.154054,-1.002439,8.278203,-25.557486,-4.432898,78.777687,0.758579,-0.146884,-0.169405,0.611788
871,0.609990,-4.917072,9.604032,11.889715,-2.119428,12.749188,-25.594603,-4.329021,79.129761,0.756547,-0.147176,-0.169379,0.614237
872,-0.030878,-4.805783,9.527555,30.284517,-0.913527,18.062679,-25.034819,-3.930604,79.626297,0.754196,-0.144949,-0.164408,0.618989
873,-0.576852,-4.705116,9.115297,42.049118,0.526287,20.333689,-24.002161,-3.211829,80.227890,0.751510,-0.141293,-0.154883,0.625524
874,-1.305956,-3.941147,9.048592,59.584900,2.671559,17.824165,-22.406956,-2.208012,80.811714,0.749249,-0.135671,-0.140309,0.632877
875,-1.712343,-3.371778,9.031455,81.196777,1.835582,17.257263,-19.982666,-1.023856,81.357193,0.747857,-0.125837,-0.119758,0.640728
876,-1.864253,-2.900834,9.259568,82.695610,1.631449,14.456378,-17.081078,0.145605,81.880898,0.746890,-0.113006,-0.096365,0.648150
877,-1.802251,-2.404482,9.355697,76.416862,1.711024,8.762212,-14.222254,1.178289,82.282745,0.746419,-0.099936,-0.073758,0.653783
878,-1.579181,-1.131068,9.475470,78.143501,0.684035,2.416322,-11.249507,1.989695,82.501709,0.746975,-0.085071,-0.051625,0.657363
879,-1.294377,-0.666950,9.325552,66.250122,-1.292426,0.233020,-8.272792,2.541068,82.596123,0.748090,-0.068773,-0.030978,0.659297
880,-1.250635,-0.606029,8.992051,44.515785,-1.653154,-0.957007,-5.973920,2.934056,82.629791,0.748945,-0.056005,-0.015188,0.660086
881,-1.206021,-0.690219,8.810737,30.338900,-5.056654,-0.628804,-4.495010,3.222539,82.637527,0.749445,-0.047992,-0.004780,0.660307
882,-1.114593,-0.673635,9.376910,22.488169,-10.230373,1.705934,-3.538312,3.300650,82.684952,0.749518,-0.042184,0.001227,0.660637
883,-0.882451,-1.326638,9.901166,11.435585,-13.388597,4.591475,-3.111935,3.123422,82.807945,0.749021,-0.038377,0.002483,0.661430
884,-0.649636,-1.221716,10.024684,7.063150,-13.719529,7.719594,-3.104888,2.775569,83.021088,0.747904,-0.036327,0.000179,0.662812
885,-0.402155,-0.866403,10.132339,4.996583,-11.859419,9.494223,-3.112092,2.367664,83.319412,0.746298,-0.034011,-0.002616,0.664737
886,-0.289396,-0.631389,10.129378,5.800558,-8.539110,7.794327,-3.008993,1.994270,83.621223,0.744678,-0.031164,-0.004535,0.666680
887,-0.284899,-0.501721,9.798258,6.049272,-3.929460,3.445430,-2.810790,1.714683,83.818329,0.743653,-0.028242,-0.005248,0.667949
888,-0.384835,-0.489727,9.501789,3.467420,-0.075032,-0.192379,-2.643789,1.621914,83.875626,0.743380,-0.026615,-0.004891,0.668322
889,-0.421205,-0.617426,9.514200,2.354919,1.762308,-3.537205,-2.596406,1.706883,83.810883,0.743749,-0.026806,-0.004048,0.667909
890,-0.437194,-0.801715,9.668703,1.970119,2.005078,-6.590581,-2.656698,1.832394,83.635536,0.744727,-0.027933,-0.003541,0.666775
891,-0.404194,-0.958065,9.823547,0.430039,2.035713,-6.920188,-2.824230,1.943858,83.400925,0.746021,-0.029678,-0.003730,0.665251
892,-0.138115,-1.085686,9.886635,-2.745940,0.267114,-7.866282,-3.122731,1.944391,83.144356,0.747428,-0.031636,-0.005389,0.663567
893,-0.153277,-1.118302,10.025977,-4.354822,-0.276298,-8.903941,-3.514720,1.840247,82.856613,0.749009,-0.033611,-0.008254,0.661655
894,-0.243315,-1.069325,9.951928,-4.871072,-0.842543,-9.071815,-3.909690,1.742164,82.551537,0.750677,-0.035657,-0.011082,0.659613
895,-0.265948,-1.201479,9.955200,-4.769300,-1.779515,-7.808367,-4.299801,1.652040,82.267258,0.752213,-0.037728,-0.013824,0.657693
896,-0.125924,-1.229922,9.914788,-4.168564,-2.653965,-7.851114,-4.683054,1.512380,82.006233,0.753624,-0.039482,-0.016852,0.655902
897,-0.056259,-1.216942,9.798050,-3.488431,-2.117013,-6.779941,-5.021035,1.328891,81.764664,0.754946,-0.040698,-0.019908,0.654220
898,-0.110943,-1.238661,9.770236,-4.755333,-2.999152,-4.895446,-5.344553,1.152470,81.574463,0.755973,-0.041861,-0.022849,0.652864
899,-0.023783,-1.310063,9.790060,-3.385425,-2.897055,-3.018579,-5.659840,0.974796,81.449097,0.756629,-0.042958,-0.025771,0.651922
900,-0.032956,-1.178557,9.696318,0.074760,-2.477768,-1.865023,-6.007291,0.713542,81.372673,0.757021,-0.043787,-0.029444,0.651257
901,-0.061089,-1.016065,9.794723,3.619090,-1.947123,0.201035,-6.133557,0.456822,81.350548,0.757185,-0.043169,-0.031850,0.650994
902,-0.079515,-0.976834,9.932031,6.019571,-2.025064,1.894801,-5.877387,0.337894,81.392754,0.757077,-0.040790,-0.031196,0.651305
903,0.071638,-0.828909,9.749699,9.691459,-1.382902,3.133830,-5.372207,0.169637,81.482697,0.756785,-0.036472,-0.029465,0.651980
904,0.046873,-0.744670,9.849190,10.246059,-1.061329,4.409467,-4.712690,-0.049710,81.610924,0.756304,-0.030838,-0.027196,0.652927
905,0.112299,-0.780979,9.887576,9.033363,-1.580490,5.823970,-4.194672,-0.245039,81.783127,0.755493,-0.026267,-0.025573,0.654130
906,0.108614,-0.754133,9.875397,7.866038,-2.035542,6.574700,-3.910443,-0.445892,81.992554,0.754394,-0.023200,-0.025317,0.655523
907,0.102557,-0.739258,9.736915,7.189852,-1.999099,7.783222,-3.757214,-0.582257,82.236099,0.753051,-0.021357,-0.025383,0.657125
908,0.034042,-0.727632,9.823853,6.910305,-2.613971,7.977023,-3.669034,-0.605741,82.504478,0.751530,-0.020584,-0.025080,0.658901
909,0.074442,-0.640699,9.761842,6.936057,-3.607164,7.729836,-3.530451,-0.605057,82.773346,0.750006,-0.019622,-0.024325,0.660692
910,0.163009,-0.412051,9.746648,7.580338,-4.258795,8.794924,-3.129871,-0.748916,83.054214,0.748465,-0.016114,-0.022996,0.662579
911,0.164694,-0.483739,9.843850,7.960689,-5.221788,9.377815,-2.687373,-0.955582,83.362129,0.746757,-0.011969,-0.021819,0.664632
912,0.180450,-0.383588,9.961272,8.172860,-6.175515,8.440895,-2.392406,-1.143426,83.666786,0.745027,-0.008900,-0.021356,0.666633
913,0.316264,-0.311543,9.923200,9.183113,-6.413622,9.011587,-2.067134,-1.371983,83.964775,0.743321,-0.005401,-0.020963,0.668585
914,0.390404,-0.322186,9.895650,9.772186,-6.140613,9.063461,-1.727795,-1.633170,84.271896,0.741540,-0.001619,-0.020681,0.670588
915,0.258631,-0.402397,10.038290,7.939519,-5.162556,5.096055,-1.454388,-1.843719,84.513329,0.740122,0.001426,-0.020440,0.672161
916,0.329671,-0.332896,9.894814,4.831005,-3.873157,0.335174,-1.341998,-1.995868,84.610603,0.739543,0.003062,-0.020761,0.672782
917,0.331186,-0.275507,10.010871,0.953451,-5.014562,-4.987248,-1.327062,-2.151790,84.539276,0.739954,0.004061,-0.021682,0.672296
918,0.416568,-0.288936,9.885563,-2.769855,-6.526766,-10.257793,-1.370594,-2.356348,84.290428,0.741402,0.004930,-0.023268,0.670640
919,0.434700,-0.174866,9.905147,-7.773363,-5.391514,-16.169230,-1.527099,-2.582590,83.854759,0.743938,0.005145,-0.025667,0.667736
920,0.544577,-0.182812,9.950661,-9.876019,-4.851394,-16.964241,-1.762695,-2.797048,83.305794,0.747123,0.004729,-0.028454,0.664059
921,0.503821,-0.147816,9.872718,-11.540689,-6.621523,-15.732826,-2.037628,-3.032960,82.764389,0.750246,0.004156,-0.031604,0.660390
922,0.558157,-0.237890,9.790285,-11.064470,-4.520353,-12.812212,-2.327240,-3.250699,82.292320,0.752954,0.003373,-0.034711,0.657148
923,0.547414,-0.159332,9.938486,-12.498670,-2.049891,-10.886504,-2.616060,-3.382437,81.897385,0.755213,0.002103,-0.037239,0.654418
924,0.662704,-0.313874,9.857069,-11.364725,-1.306795,-6.751259,-2.909337,-3.466979,81.601021,0.756901,0.000552,-0.039472,0.652336
925,0.586022,-0.277261,9.860171,-6.902745,-1.486887,-3.702471,-3.120513,-3.538435,81.424316,0.757902,-0.000499,-0.041145,0.651069
926,0.731555,-0.245428,9.904552,1.144132,-0.869108,0.147385,-2.892362,-3.686706,81.347145,0.758330,0.001827,-0.040829,0.650588
927,0.875962,-0.158983,9.871784,11.623878,-1.742623,4.699107,-2.104443,-4.054151,81.390465,0.758010,0.009145,-0.038780,0.651025
928,0.868104,-0.109338,9.886347,26.598558,-2.605310,10.906495,-1.116752,-4.376063,81.623886,0.756514,0.017581,-0.035259,0.652789
929,0.673598,0.079582,9.991432,40.133770,-4.544798,17.545774,0.079353,-4.507887,82.090073,0.753592,0.026347,-0.029207,0.656164
930,0.693433,0.156504,9.918589,42.728039,-4.343290,20.319891,1.504964,-4.623762,82.714279,0.749580,0.036501,-0.021606,0.660553
931,0.650349,0.245301,10.071722,38.255615,-2.092430,18.774124,2.829928,-4.698264,83.362267,0.745329,0.045675,-0.014196,0.664979
932,0.522605,0.365843,10.066955,30.632017,-0.311454,15.409455,3.897468,-4.666341,83.934769,0.741554,0.052470,-0.007531,0.668796
933,0.465852,0.412871,9.989176,17.852205,1.271242,10.825572,4.579902,-4.535281,84.382584,0.738674,0.056133,-0.002478,0.671717
934,0.576132,0.441376,9.952309,5.191305,2.798962,4.775283,4.801848,-4.361364,84.660301,0.737020,0.056548,0.000084,0.673502
935,0.664120,0.494657,9.975471,-1.120743,3.122749,1.026123,4.470286,-4.134372,84.794579,0.736497,0.053086,-0.000338,0.674355
936,0.623511,0.545246,9.879902,-2.824762,1.911532,0.304412,3.884201,-3.880371,84.859840,0.736482,0.047829,-0.002123,0.674761
937,0.610678,0.477499,9.846086,-4.654874,1.142671,0.803412,3.506664,-3.733734,84.898384,0.736466,0.044542,-0.003387,0.674998
938,0.626206,0.442452,9.868260,-4.209473,1.103034,0.603525,3.276224,-3.680304,84.929268,0.736393,0.042748,-0.004389,0.675188
939,0.571156,0.410505,9.927948,-3.730713,0.587411,0.296830,2.961778,-3.586995,84.957268,0.736375,0.040180,-0.005631,0.675355
940,0.552166,0.436117,9.914289,-3.070435,0.009351,0.595926,2.633491,-3.452250,84.985603,0.736365,0.037279,-0.006689,0.675523
941,0.573866,0.397806,9.918508,-3.371301,0.206378,0.824821,2.401258,-3.363262,85.016556,0.736285,0.035264,-0.007476,0.675711
942,0.545124,0.381988,9.898260,-3.058662,0.310260,0.959108,2.208750,-3.299338,85.051422,0.736157,0.033653,-0.008190,0.675924
943,0.576122,0.378209,9.922691,-3.760661,0.128739,1.360427,2.058484,-3.263038,85.092262,0.735970,0.032477,-0.008831,0.676177
944,0.620265,0.369150,9.921224,-4.367980,0.273669,1.728178,1.918804,-3.273827,85.144096,0.735700,0.031648,-0.009711,0.676498
945,0.580774,0.274970,9.891685,-4.659454,0.612391,1.659513,1.755029,-3.276595,85.201721,0.735403,0.030618,-0.010680,0.676853
946,0.559452,0.216129,9.907101,-4.479464,0.809232,1.517606,1.566733,-3.256016,85.257339,0.735130,0.029294,-0.011646,0.677193
947,0.565457,0.174975,9.947675,-4.273552,0.807711,1.119344,1.376196,-3.228286,85.304428,0.734906,0.027913,-0.012582,0.677478
948,0.535698,0.123162,9.959306,-3.733643,0.497999,0.472366,1.113381,-3.183306,85.338623,0.734776,0.025966,-0.013840,0.677671
949,0.528449,0.073693,9.927718,-3.016908,0.118138,-0.298203,0.786045,-3.127788,85.353477,0.734772,0.023541,-0.015416,0.677730
950,0.564984,-0.033272,9.926221,-3.545189,-0.023738,-0.823106,0.530047,-3.109523,85.342758,0.734890,0.021790,-0.016815,0.677628
951,0.580648,-0.144386,9.887239,-3.281399,-0.153472,-1.441095,0.325541,-3.127290,85.310013,0.735118,0.020578,-0.018144,0.677384
952,0.620807,-0.172174,9.898034,-3.461681,-0.258821,-2.402414,0.110288,-3.162147,85.251709,0.735493,0.019393,-0.019650,0.676969
953,0.683760,-0.210866,9.901435,-4.232495,-0.312333,-3.293542,-0.117579,-3.221116,85.162552,0.736047,0.018262,-0.021389,0.676346
954,0.751637,-0.232017,9.869578,-5.369520,-0.458981,-3.732998,-0.372146,-3.310499,85.051224,0.736727,0.017132,-0.023482,0.675565
955,0.855239,-0.268967,9.793579,-5.661174,-0.848326,-4.772142,-0.643687,-3.444835,84.915337,0.737545,0.016147,-0.025965,0.674605
956,1.063562,-0.302865,9.701035,-7.188818,-1.027234,-6.681067,-0.938638,-3.656293,84.730728,0.738638,0.015447,-0.029087,0.673297
957,1.233046,-0.134173,9.728902,-8.325716,-1.206299,-7.758373,-1.220613,-3.950228,84.493782,0.740020,0.015290,-0.032669,0.671617
959,1.245010,-0.089317,9.719616,-9.479247,-1.257229,-8.176492,-1.465256,-4.271004,84.227501,0.741559,0.015508,-0.036209,0.669731
960,1.233029,-0.046721,9.736049,-9.163224,-0.134672,-10.082397,-1.678433,-4.551661,83.918701,0.743342,0.015665,-0.039311,0.667572
961,1.289380,0.070222,9.745716,-8.253503,1.740196,-12.008149,-1.809571,-4.770909,83.539352,0.745527,0.015955,-0.041549,0.664987
962,1.299749,0.165236,9.825093,-7.636628,3.641020,-13.210625,-1.847144,-4.922377,83.099579,0.748051,0.016427,-0.042814,0.662055
963,1.378198,-0.001779,9.690739,-7.869715,5.651697,-16.035160,-1.881458,-5.018535,82.590385,0.750972,0.016565,-0.043714,0.658677
964,1.579576,-0.102326,9.724391,-7.526127,7.761437,-20.585512,-1.961033,-5.107674,81.960190,0.754577,0.016311,-0.044845,0.654474
965,1.736089,-0.105004,9.644813,-9.064045,8.964620,-24.610949,-2.066192,-5.223489,81.186035,0.758973,0.015968,-0.046316,0.649276
966,1.845169,-0.094897,9.643636,-12.285042,10.257715,-28.909533,-2.227428,-5.359988,80.269814,0.764134,0.015290,-0.048256,0.643068
967,1.956172,-0.041474,9.572863,-15.887466,10.566498,-34.659279,-2.459199,-5.522987,79.181343,0.770204,0.014180,-0.050778,0.635615
968,2.024756,-0.120740,9.651413,-19.112972,10.713473,-39.858181,-2.774070,-5.720043,77.907188,0.777218,0.012560,-0.053990,0.626784
969,2.024370,-0.044454,9.542415,-20.759100,11.273969,-43.410614,-3.130275,-5.923110,76.482040,0.784946,0.010544,-0.057448,0.616805
970,2.177101,-0.069525,9.669241,-22.304440,11.477363,-45.348644,-3.486871,-6.144697,74.957817,0.793062,0.008488,-0.060999,0.606019
