seq,ax,ay,az,wroll,wpitch,wyaw,roll,pitch,yaw,q0,q1,q2,q3
6099,-6.950475,6.970869,-0.056601,-0.046122,-0.105717,0.022459,90.465202,44.915131,90.658867,0.650421,0.269965,0.655739,0.272173
6101,-6.949268,6.973403,-0.071009,-0.041544,-0.104191,0.030089,90.460411,44.913956,90.653801,0.650441,0.269974,0.655713,0.272178
6102,-6.950685,6.982440,-0.073104,-0.026285,-0.099613,0.039244,90.455887,44.912827,90.648994,0.650461,0.269982,0.655688,0.272183
6103,-6.952560,6.976489,-0.070112,-0.030861,-0.104191,0.049926,90.451546,44.911369,90.644188,0.650479,0.269993,0.655663,0.272189
6104,-6.951293,6.976478,-0.075030,-0.014077,-0.102665,0.046874,90.447342,44.909790,90.639297,0.650497,0.270006,0.655638,0.272194
6105,-6.945127,6.972638,-0.074909,-0.024759,-0.091984,0.052977,90.443443,44.908146,90.634689,0.650513,0.270020,0.655614,0.272200
6106,-6.945382,6.964144,-0.073811,-0.024759,-0.090458,0.051452,90.439583,44.906429,90.630386,0.650528,0.270032,0.655591,0.272207
6108,-6.942073,6.964346,-0.070618,-0.038492,-0.084354,0.045348,90.435616,44.904842,90.626259,0.650543,0.270042,0.655568,0.272215
6109,-6.944502,6.964316,-0.068372,-0.040018,-0.090458,0.033141,90.431396,44.903561,90.622139,0.650560,0.270049,0.655545,0.272223
6110,-6.943231,6.964827,-0.065457,-0.038492,-0.084354,0.040770,90.427177,44.902348,90.618004,0.650577,0.270056,0.655523,0.272231
6111,-6.944204,6.962504,-0.062096,-0.023232,-0.084354,0.043822,90.423325,44.900955,90.614021,0.650592,0.270065,0.655501,0.272238
6112,-6.945793,6.959716,-0.057177,-0.017129,-0.079776,0.062133,90.419922,44.899212,90.610146,0.650605,0.270078,0.655480,0.272246
6113,-6.951653,6.962950,-0.061388,-0.024759,-0.093509,0.062133,90.416328,44.897156,90.606041,0.650618,0.270092,0.655457,0.272255
6115,-6.948459,6.957771,-0.061680,-0.033915,-0.102665,0.062133,90.412079,44.895111,90.601410,0.650634,0.270106,0.655431,0.272264
6116,-6.951593,6.952867,-0.055460,-0.038492,-0.108769,0.054504,90.407349,44.893188,90.596420,0.650653,0.270119,0.655404,0.272274
6117,-6.954027,6.956191,-0.056234,-0.047648,-0.119450,0.042296,90.402115,44.891602,90.591034,0.650674,0.270129,0.655375,0.272282
6118,-6.956595,6.964143,-0.060637,-0.056802,-0.125554,0.020933,90.396301,44.890579,90.585266,0.650699,0.270135,0.655345,0.272289
6119,-6.953354,6.959348,-0.056108,-0.055277,-0.116398,0.031615,90.390419,44.889736,90.579559,0.650724,0.270139,0.655316,0.272295
6120,-6.957143,6.961795,-0.061967,-0.046121,-0.111820,0.033141,90.384918,44.888672,90.574173,0.650747,0.270145,0.655288,0.272302
6122,-6.956346,6.965067,-0.062201,-0.052225,-0.117924,0.046874,90.379456,44.887371,90.568756,0.650770,0.270152,0.655259,0.272310
6123,-6.949229,6.968244,-0.060030,-0.040018,-0.117924,0.063659,90.374001,44.885559,90.563202,0.650792,0.270163,0.655228,0.272320
6124,-6.946789,6.975439,-0.053253,-0.043069,-0.117924,0.065185,90.368683,44.883434,90.557632,0.650812,0.270177,0.655198,0.272330
6125,-6.947203,6.969851,-0.052284,-0.023232,-0.114872,0.062133,90.363701,44.881325,90.552132,0.650832,0.270192,0.655168,0.272340
6126,-6.943968,6.975752,-0.049587,-0.027811,-0.104191,0.056029,90.359200,44.879379,90.546959,0.650850,0.270207,0.655141,0.272347
6127,-6.946464,6.977543,-0.052890,-0.015603,-0.096561,0.051452,90.355125,44.877605,90.542221,0.650867,0.270221,0.655116,0.272353
6129,-6.953893,6.976131,-0.051696,-0.018655,-0.088932,0.037718,90.351471,44.876141,90.537849,0.650882,0.270234,0.655093,0.272358
6130,-6.953326,6.967137,-0.057451,-0.017129,-0.087406,0.045348,90.347946,44.874783,90.533691,0.650897,0.270245,0.655072,0.272362
6131,-6.949822,6.972913,-0.056677,-0.027811,-0.090457,0.036193,90.344238,44.873444,90.529503,0.650913,0.270256,0.655050,0.272367
6132,-6.949219,6.968355,-0.060874,-0.023232,-0.102665,0.048400,90.340187,44.872055,90.524948,0.650930,0.270267,0.655026,0.272373
6133,-6.953202,6.970027,-0.060588,-0.029336,-0.098087,0.054503,90.335968,44.870358,90.520210,0.650947,0.270280,0.655001,0.272379
6134,-6.950241,6.968251,-0.056312,-0.044596,-0.093509,0.051452,90.331535,44.868603,90.515678,0.650964,0.270290,0.654976,0.272389
6136,-6.949660,6.968850,-0.055580,-0.044596,-0.093509,0.057555,90.326935,44.866802,90.511276,0.650981,0.270300,0.654951,0.272400
6137,-6.949675,6.972555,-0.058240,-0.036965,-0.095035,0.066710,90.322433,44.864750,90.506813,0.650997,0.270311,0.654925,0.272412
6138,-6.952185,6.968921,-0.055144,-0.035440,-0.095035,0.057555,90.318069,44.862698,90.502335,0.651013,0.270324,0.654899,0.272424
6139,-6.947498,6.963974,-0.059507,-0.038492,-0.107243,0.036192,90.313469,44.861156,90.497559,0.651032,0.270334,0.654873,0.272432
6140,-6.946488,6.962580,-0.061775,-0.033915,-0.105717,0.045348,90.308731,44.859821,90.492561,0.651051,0.270343,0.654847,0.272438
6141,-6.945336,6.957364,-0.061743,-0.023232,-0.105717,0.039244,90.304260,44.858429,90.487564,0.651070,0.270354,0.654821,0.272443
6143,-6.950473,6.956218,-0.061834,-0.033914,-0.113346,0.036192,90.299667,44.857189,90.482407,0.651091,0.270364,0.654795,0.272447
6144,-6.951666,6.960414,-0.057888,-0.035440,-0.105717,0.045348,90.294876,44.855850,90.477242,0.651111,0.270374,0.654769,0.272453
6145,-6.954465,6.967031,-0.053012,-0.040018,-0.101139,0.056029,90.290161,44.854179,90.472366,0.651130,0.270385,0.654742,0.272461
6146,-6.958015,6.964514,-0.053794,-0.040018,-0.116398,0.046874,90.285225,44.852482,90.467232,0.651149,0.270396,0.654714,0.272470
6147,-6.961715,6.967210,-0.057603,-0.049173,-0.111821,0.037718,90.279938,44.851086,90.461853,0.651171,0.270405,0.654686,0.272478
6148,-6.961709,6.966167,-0.056998,-0.038492,-0.104191,0.027037,90.274895,44.850025,90.456779,0.651193,0.270411,0.654659,0.272484
6150,-6.961542,6.965337,-0.059524,-0.033915,-0.107243,0.022459,90.270180,44.849216,90.451805,0.651214,0.270417,0.654634,0.272487
6151,-6.959732,6.963863,-0.058885,-0.023232,-0.099613,0.014829,90.265793,44.848610,90.446945,0.651234,0.270424,0.654611,0.272488
6152,-6.956390,6.969888,-0.055343,-0.024759,-0.090458,0.019407,90.261841,44.848061,90.442459,0.651253,0.270430,0.654590,0.272488
6153,-6.952435,6.969731,-0.055150,-0.024759,-0.090458,0.030089,90.258011,44.847248,90.438202,0.651270,0.270437,0.654569,0.272490
6154,-6.951097,6.965178,-0.060539,-0.027811,-0.087406,0.034667,90.254173,44.846176,90.434006,0.651287,0.270445,0.654547,0.272495
6155,-6.955294,6.969321,-0.056045,-0.029336,-0.081302,0.040770,90.250412,44.844929,90.430038,0.651302,0.270454,0.654526,0.272500
6157,-6.954066,6.967249,-0.056018,-0.032387,-0.090458,0.046874,90.246529,44.843487,90.425980,0.651317,0.270463,0.654504,0.272508
6158,-6.952801,6.962848,-0.056347,-0.032387,-0.096562,0.046874,90.242340,44.841934,90.421577,0.651334,0.270473,0.654480,0.272516
6159,-6.955011,6.966416,-0.056154,-0.014077,-0.108769,0.037718,90.238159,44.840538,90.416748,0.651352,0.270485,0.654455,0.272520
6160,-6.956394,6.973125,-0.058363,-0.007974,-0.102665,0.034667,90.234291,44.839348,90.411766,0.651370,0.270498,0.654431,0.272521
6161,-6.950583,6.971010,-0.060302,-0.007974,-0.104191,0.028563,90.230598,44.838314,90.406906,0.651388,0.270511,0.654409,0.272520
6162,-6.947444,6.969903,-0.060724,-0.003396,-0.098087,0.030089,90.227051,44.837349,90.402138,0.651405,0.270523,0.654387,0.272519
6164,-6.953240,6.975824,-0.063735,-0.000344,-0.093509,0.027037,90.223801,44.836407,90.397636,0.651421,0.270536,0.654366,0.272517
6165,-6.949150,6.980577,-0.061020,-0.018655,-0.084354,0.045348,90.220528,44.835209,90.393448,0.651436,0.270548,0.654346,0.272519
6166,-6.949732,6.973392,-0.054989,-0.026285,-0.088932,0.054503,90.216911,44.833557,90.389374,0.651450,0.270560,0.654324,0.272525
6167,-6.945712,6.972687,-0.050335,-0.015603,-0.090458,0.046874,90.213234,44.831882,90.385139,0.651465,0.270573,0.654301,0.272532
6168,-6.947192,6.976609,-0.051334,-0.014077,-0.088932,0.046874,90.209763,44.830326,90.380920,0.651480,0.270586,0.654279,0.272537
6169,-6.949036,6.966422,-0.054840,0.001182,-0.081302,0.049926,90.206711,44.828728,90.376907,0.651492,0.270601,0.654259,0.272540
6171,-6.951469,6.953907,-0.056785,0.008811,-0.093510,0.034666,90.203979,44.827328,90.372795,0.651505,0.270617,0.654239,0.272541
6172,-6.952887,6.954679,-0.059102,0.011864,-0.093510,0.025511,90.201233,44.826340,90.368393,0.651520,0.270632,0.654220,0.272537
6173,-6.956129,6.962248,-0.066288,-0.000344,-0.091984,0.031615,90.198349,44.825401,90.364037,0.651535,0.270646,0.654201,0.272534
6174,-6.960042,6.958686,-0.065749,0.001182,-0.096561,0.036193,90.195236,44.824280,90.359604,0.651550,0.270660,0.654180,0.272533
6175,-6.955072,6.966324,-0.068809,-0.011025,-0.095035,0.028563,90.191895,44.823212,90.355087,0.651566,0.270673,0.654159,0.272532
6176,-6.954928,6.977530,-0.064733,-0.012550,-0.081302,0.028563,90.188568,44.822266,90.350937,0.651582,0.270683,0.654139,0.272533
6177,-6.955240,6.984787,-0.058368,-0.006448,-0.091983,0.030089,90.185387,44.821293,90.346863,0.651596,0.270694,0.654120,0.272534
6178,-6.953106,6.972468,-0.061315,-0.000344,-0.093509,0.042296,90.182190,44.820099,90.342499,0.651612,0.270707,0.654099,0.272534
6179,-6.948281,6.968498,-0.059531,-0.000344,-0.093509,0.034666,90.179077,44.818829,90.338104,0.651626,0.270722,0.654078,0.272534
6180,-6.950373,6.967562,-0.054746,-0.001870,-0.110295,0.040770,90.175667,44.817581,90.333313,0.651643,0.270737,0.654056,0.272533
6181,-6.952719,6.959919,-0.059231,-0.011025,-0.119450,0.043822,90.171638,44.816181,90.327904,0.651662,0.270753,0.654030,0.272533
6182,-6.949673,6.956485,-0.059289,-0.018655,-0.108769,0.049926,90.167366,44.814640,90.322548,0.651681,0.270768,0.654004,0.272536
6183,-6.953465,6.959919,-0.057317,-0.020181,-0.113347,0.034667,90.163025,44.813232,90.317299,0.651700,0.270781,0.653978,0.272539
6184,-6.955627,6.965312,-0.062430,-0.026285,-0.114872,0.040770,90.158463,44.811977,90.311935,0.651721,0.270793,0.653951,0.272542
6185,-6.955428,6.960769,-0.063501,-0.023232,-0.111821,0.043822,90.153885,44.810577,90.306602,0.651741,0.270805,0.653924,0.272545
6186,-6.953187,6.961985,-0.062137,-0.023232,-0.105717,0.043822,90.149506,44.809135,90.301491,0.651760,0.270818,0.653899,0.272550
6187,-6.953029,6.962546,-0.065389,-0.018655,-0.102665,0.036193,90.145348,44.807804,90.296593,0.651778,0.270830,0.653874,0.272553
6188,-6.952081,6.958179,-0.060180,-0.023232,-0.101139,0.036193,90.141273,44.806606,90.291801,0.651797,0.270841,0.653850,0.272556
6189,-6.951796,6.956719,-0.053423,-0.015604,-0.093509,0.037718,90.137413,44.805389,90.287231,0.651814,0.270852,0.653827,0.272559
6190,-6.953783,6.957294,-0.049121,-0.027811,-0.082828,0.034667,90.133759,44.804184,90.283089,0.651829,0.270862,0.653806,0.272563
6191,-6.953381,6.962080,-0.048402,-0.024759,-0.076724,0.037718,90.130241,44.802986,90.279327,0.651844,0.270870,0.653786,0.272568
6192,-6.952834,6.957780,-0.048864,-0.027811,-0.067569,0.049926,90.126976,44.801540,90.275940,0.651856,0.270879,0.653767,0.272576
6193,-6.949928,6.958398,-0.051585,-0.033915,-0.069095,0.059081,90.123672,44.799713,90.272720,0.651867,0.270889,0.653747,0.272587
6194,-6.950663,6.970587,-0.054156,-0.029336,-0.076724,0.057555,90.120201,44.797775,90.269279,0.651879,0.270900,0.653726,0.272598
6195,-6.951458,6.973207,-0.059961,-0.020181,-0.082828,0.062133,90.116730,44.795792,90.265526,0.651891,0.270913,0.653704,0.272608
6196,-6.952051,6.970304,-0.057434,-0.018655,-0.091984,0.062133,90.113190,44.793728,90.261421,0.651904,0.270928,0.653681,0.272617
6197,-6.952572,6.977195,-0.052880,-0.026283,-0.110295,0.060607,90.109085,44.791691,90.256668,0.651920,0.270943,0.653655,0.272624
6198,-6.955003,6.980170,-0.053533,-0.018655,-0.111821,0.048400,90.104660,44.789879,90.251442,0.651939,0.270958,0.653628,0.272630
6199,-6.948843,6.965987,-0.051100,-0.027811,-0.101139,0.034667,90.100365,44.788506,90.246452,0.651958,0.270970,0.653603,0.272634
6200,-6.946007,6.966177,-0.048398,-0.015603,-0.108769,0.025511,90.096169,44.787506,90.241508,0.651977,0.270980,0.653579,0.272636
6201,-6.948714,6.969744,-0.047008,-0.014077,-0.105717,0.016355,90.092117,44.786812,90.236473,0.651997,0.270990,0.653556,0.272634
6202,-6.955367,6.966060,-0.056160,-0.000344,-0.119450,-0.000430,90.088150,44.786552,90.231186,0.652018,0.270999,0.653533,0.272628
6203,-6.952645,6.971561,-0.059135,-0.003396,-0.119450,-0.006534,90.084152,44.786678,90.225578,0.652041,0.271007,0.653511,0.272618
6204,-6.959416,6.972558,-0.064563,-0.011025,-0.124028,0.007200,90.079872,44.786674,90.219864,0.652065,0.271015,0.653487,0.272610
6205,-6.959087,6.978358,-0.068185,-0.023232,-0.111820,0.014829,90.075401,44.786308,90.214317,0.652088,0.271024,0.653462,0.272606
6206,-6.955683,6.979438,-0.072706,-0.023232,-0.105717,0.019407,90.071022,44.785740,90.209206,0.652109,0.271031,0.653439,0.272605
6207,-6.949177,6.980761,-0.067770,-0.038492,-0.088932,0.023985,90.066772,44.785023,90.204628,0.652128,0.271037,0.653416,0.272608
6208,-6.948382,6.979527,-0.063414,-0.040018,-0.093509,0.039244,90.062454,44.783978,90.200356,0.652146,0.271043,0.653393,0.272614
6209,-6.947070,6.983776,-0.058700,-0.035440,-0.104191,0.033141,90.057922,44.782776,90.195702,0.652165,0.271050,0.653369,0.272620
6210,-6.949382,6.986408,-0.058868,-0.036965,-0.113346,0.025511,90.053116,44.781799,90.190598,0.652186,0.271058,0.653343,0.272624
6211,-6.946728,6.984601,-0.058213,-0.030861,-0.119450,0.034666,90.048149,44.780807,90.185143,0.652209,0.271066,0.653316,0.272627
6212,-6.949191,6.987130,-0.056094,-0.018655,-0.131657,0.042296,90.043159,44.779518,90.179230,0.652232,0.271079,0.653287,0.272629
6213,-6.954641,6.981849,-0.063894,-0.012550,-0.125554,0.043822,90.038383,44.778088,90.173187,0.652254,0.271094,0.653258,0.272630
6214,-6.954684,6.980191,-0.067748,-0.017129,-0.117924,0.051451,90.033882,44.776508,90.167496,0.652274,0.271110,0.653230,0.272632
6215,-6.954686,6.973258,-0.060622,-0.017129,-0.114872,0.056029,90.029465,44.774727,90.162025,0.652294,0.271126,0.653202,0.272637
6216,-6.955523,6.976130,-0.063657,-0.027811,-0.119450,0.048400,90.024826,44.772976,90.156509,0.652313,0.271141,0.653174,0.272642
6217,-6.954257,6.967507,-0.068315,-0.032389,-0.108769,0.040770,90.020050,44.771488,90.151154,0.652334,0.271153,0.653146,0.272647
6218,-6.948967,6.974423,-0.059316,-0.049173,-0.110295,0.028563,90.015068,44.770336,90.146004,0.652355,0.271161,0.653120,0.272652
6219,-6.951493,6.975073,-0.059363,-0.049173,-0.101139,0.028563,90.009926,44.769382,90.141052,0.652377,0.271165,0.653093,0.272659
6220,-6.951058,6.967471,-0.065605,-0.041544,-0.099613,0.030089,90.005089,44.768406,90.136330,0.652397,0.271170,0.653068,0.272665
6221,-6.952972,6.962117,-0.060446,-0.029336,-0.099613,0.022459,90.000633,44.767540,90.131676,0.652417,0.271176,0.653045,0.272669
6222,-6.950442,6.965455,-0.056190,-0.012550,-0.085880,0.023985,89.996864,44.766762,90.127312,0.652434,0.271184,0.653024,0.272670
6223,-6.955780,6.962321,-0.057123,0.013389,-0.090457,0.033141,89.993965,44.765804,90.123177,0.652449,0.271196,0.653005,0.272669
6224,-6.950650,6.959541,-0.052565,0.008811,-0.096561,0.030089,89.991241,44.764751,90.118790,0.652463,0.271212,0.652985,0.272665
6225,-6.951681,6.963141,-0.051025,0.005760,-0.095035,0.025511,89.988319,44.763824,90.114281,0.652479,0.271226,0.652965,0.272661
6226,-6.950540,6.952322,-0.053149,0.001182,-0.087406,0.033141,89.985420,44.762840,90.110008,0.652493,0.271240,0.652946,0.272659
6227,-6.948137,6.958666,-0.051312,-0.020181,-0.101139,0.042296,89.981979,44.761585,90.105576,0.652509,0.271253,0.652924,0.272661
6228,-6.952213,6.955871,-0.057044,-0.033915,-0.099613,0.046874,89.977760,44.760094,90.100868,0.652527,0.271264,0.652900,0.272666
6229,-6.953156,6.960236,-0.062614,-0.027811,-0.093509,0.048400,89.973549,44.758511,90.096336,0.652544,0.271275,0.652875,0.272674
6230,-6.945774,6.965023,-0.063817,-0.033915,-0.095035,0.054503,89.969406,44.756798,90.091919,0.652560,0.271286,0.652851,0.272682
6231,-6.952350,6.976106,-0.059140,-0.036965,-0.091983,0.051451,89.965141,44.755032,90.087524,0.652576,0.271297,0.652826,0.272691
6232,-6.952448,6.973028,-0.066125,-0.038492,-0.099613,0.057555,89.960709,44.753201,90.083031,0.652593,0.271308,0.652801,0.272701
6233,-6.945746,6.971195,-0.063468,-0.038492,-0.090458,0.054503,89.956291,44.751331,90.078568,0.652610,0.271319,0.652775,0.272712
6234,-6.948536,6.961969,-0.060365,-0.030861,-0.102665,0.048400,89.951935,44.749615,90.074036,0.652627,0.271329,0.652750,0.272720
6235,-6.951549,6.961920,-0.059215,-0.027811,-0.104191,0.054503,89.947540,44.747898,90.069176,0.652645,0.271342,0.652724,0.272727
6236,-6.947848,6.956968,-0.061667,-0.029336,-0.102665,0.051452,89.943169,44.746128,90.064323,0.652662,0.271355,0.652698,0.272735
6237,-6.951787,6.955383,-0.061253,-0.017129,-0.096561,0.034666,89.939110,44.744690,90.059662,0.652680,0.271366,0.652674,0.272739
6238,-6.951003,6.958776,-0.060765,-0.020181,-0.095035,0.028563,89.935318,44.743633,90.055161,0.652697,0.271376,0.652651,0.272741
6239,-6.951083,6.967714,-0.064040,-0.012550,-0.095035,0.027037,89.931641,44.742695,90.050705,0.652714,0.271386,0.652630,0.272742
6240,-6.949080,6.969734,-0.063646,-0.006446,-0.087406,0.019407,89.928314,44.741917,90.046425,0.652730,0.271396,0.652610,0.272741
6241,-6.947429,6.973131,-0.065070,0.002708,-0.090458,0.027037,89.925308,44.741138,90.042252,0.652745,0.271407,0.652591,0.272739
6242,-6.946564,6.968049,-0.061789,-0.009500,-0.091984,0.030089,89.922180,44.740185,90.037964,0.652761,0.271419,0.652571,0.272738
6243,-6.948993,6.970331,-0.061838,-0.011025,-0.098087,0.034666,89.918701,44.739105,90.033508,0.652777,0.271431,0.652550,0.272739
6244,-6.948269,6.967337,-0.059167,-0.033914,-0.087406,0.031615,89.914902,44.737995,90.029175,0.652794,0.271440,0.652528,0.272742
6245,-6.952768,6.974103,-0.061433,-0.033914,-0.093510,0.042296,89.910782,44.736763,90.024933,0.652811,0.271448,0.652505,0.272748
6246,-6.949731,6.978592,-0.060303,-0.032387,-0.088932,0.040770,89.906670,44.735374,90.020653,0.652827,0.271457,0.652482,0.272755
6247,-6.953583,6.991301,-0.063414,-0.030861,-0.082828,0.037718,89.902779,44.734051,90.016624,0.652843,0.271465,0.652460,0.272762
6248,-6.954770,6.984740,-0.066193,-0.018655,-0.081302,0.020933,89.899246,44.733070,90.012779,0.652858,0.271472,0.652440,0.272766
6250,-6.951377,6.988659,-0.064212,-0.017129,-0.090458,0.030089,89.895821,44.732220,90.008751,0.652874,0.271481,0.652420,0.272767
6251,-6.949090,6.971819,-0.064976,-0.012551,-0.090458,0.014830,89.892326,44.731464,90.004509,0.652890,0.271489,0.652400,0.272767
6252,-6.956552,6.960593,-0.068703,-0.011026,-0.095036,0.025511,89.888878,44.730785,90.000153,0.652907,0.271498,0.652380,0.272766
6253,-6.955186,6.953546,-0.064926,0.001182,-0.099613,0.033141,89.885490,44.729797,89.995590,0.652924,0.271511,0.652359,0.272765
6254,-6.953663,6.953939,-0.062851,-0.000344,-0.113347,0.056029,89.882004,44.728310,89.990608,0.652940,0.271528,0.652335,0.272765
6255,-6.955358,6.950273,-0.066489,0.008811,-0.107243,0.060607,89.878510,44.726360,89.985435,0.652956,0.271548,0.652310,0.272766
6256,-6.952049,6.956544,-0.060899,0.002707,-0.111821,0.068237,89.875084,44.724201,89.980301,0.652972,0.271570,0.652285,0.272769
6257,-6.950063,6.954066,-0.054711,-0.000344,-0.128606,0.054503,89.871162,44.722149,89.974670,0.652989,0.271592,0.652257,0.272771
6258,-6.950753,6.956234,-0.058946,-0.009500,-0.116398,0.062133,89.866959,44.720200,89.968925,0.653008,0.271611,0.652229,0.272773
6259,-6.949733,6.958941,-0.057488,-0.021707,-0.104191,0.062133,89.862793,44.718117,89.963760,0.653026,0.271629,0.652202,0.272779
6260,-6.949421,6.951052,-0.054693,-0.024759,-0.110295,0.054504,89.858490,44.716164,89.958733,0.653043,0.271644,0.652175,0.272786
6261,-6.953191,6.958289,-0.058152,-0.021707,-0.099613,0.060607,89.854248,44.714233,89.953812,0.653060,0.271659,0.652148,0.272793
6262,-6.949894,6.967279,-0.062932,-0.024759,-0.091984,0.072815,89.850319,44.711998,89.949326,0.653075,0.271675,0.652123,0.272802
6263,-6.949734,6.962640,-0.061112,-0.017129,-0.116399,0.066711,89.846199,44.709667,89.944450,0.653091,0.271692,0.652096,0.272811
6264,-6.947984,6.963622,-0.058672,-0.006448,-0.107243,0.059081,89.842125,44.707565,89.939217,0.653108,0.271711,0.652069,0.272817
6265,-6.950445,6.974878,-0.056933,-0.006448,-0.108769,0.060607,89.838356,44.705566,89.934158,0.653124,0.271730,0.652043,0.272821
6266,-6.952827,6.974826,-0.057941,-0.020181,-0.114872,0.049926,89.834229,44.703716,89.928932,0.653142,0.271746,0.652017,0.272825
6267,-6.952728,6.974260,-0.055889,-0.026285,-0.111821,0.045348,89.829712,44.702110,89.923615,0.653162,0.271760,0.651989,0.272830
6268,-6.950049,6.978279,-0.054403,-0.027811,-0.098087,0.045348,89.825348,44.700581,89.918694,0.653180,0.271772,0.651964,0.272835
6269,-6.953466,6.977261,-0.057596,-0.033914,-0.105717,0.048400,89.820969,44.699013,89.913925,0.653198,0.271783,0.651938,0.272842
6270,-6.950504,6.979414,-0.057306,-0.021707,-0.096561,0.049926,89.816719,44.697369,89.909195,0.653216,0.271795,0.651913,0.272848
6271,-6.949449,6.978290,-0.054512,-0.007974,-0.105717,0.054503,89.812889,44.695610,89.904457,0.653232,0.271810,0.651888,0.272853
6272,-6.949960,6.981879,-0.055855,0.002708,-0.105717,0.066711,89.809319,44.693577,89.899506,0.653247,0.271830,0.651863,0.272857
6273,-6.956887,6.981736,-0.057547,-0.001870,-0.105717,0.060607,89.805855,44.691444,89.894554,0.653262,0.271850,0.651838,0.272860
6274,-6.954883,6.983178,-0.056550,0.014915,-0.091984,0.049926,89.802826,44.689594,89.889946,0.653276,0.271870,0.651816,0.272862
6275,-6.954540,6.971398,-0.060615,0.014915,-0.096561,0.045348,89.800217,44.688000,89.885529,0.653289,0.271889,0.651795,0.272861
6276,-6.955286,6.964172,-0.060010,0.002708,-0.085880,0.042296,89.797493,44.686520,89.881248,0.653302,0.271906,0.651775,0.272860
6277,-6.953025,6.962259,-0.056832,-0.000344,-0.082828,0.034666,89.794769,44.685234,89.877304,0.653315,0.271920,0.651756,0.272860
6278,-6.947620,6.962239,-0.057577,0.001182,-0.084354,0.040770,89.792030,44.683960,89.873398,0.653328,0.271934,0.651737,0.272861
6279,-6.945593,6.964247,-0.058871,-0.012550,-0.091984,0.048400,89.788933,44.682472,89.869270,0.653342,0.271949,0.651716,0.272863
6280,-6.951114,6.970217,-0.055851,-0.015603,-0.091984,0.056029,89.785446,44.680721,89.864967,0.653356,0.271963,0.651694,0.272869
6281,-6.946916,6.969255,-0.055049,-0.006446,-0.095036,0.049926,89.782005,44.678940,89.860596,0.653370,0.271978,0.651671,0.272874
6282,-6.951594,6.972519,-0.058154,-0.012550,-0.099613,0.045348,89.778488,44.677341,89.856041,0.653386,0.271993,0.651648,0.272877
6283,-6.950325,6.971760,-0.053791,-0.021707,-0.096561,0.046874,89.774689,44.675789,89.851456,0.653402,0.272007,0.651624,0.272881
6284,-6.949146,6.965491,-0.054599,-0.024759,-0.099613,0.030088,89.770683,44.674500,89.846863,0.653419,0.272017,0.651601,0.272885
6285,-6.948420,6.971163,-0.060865,-0.035440,-0.093510,0.020933,89.766495,44.673634,89.842339,0.653438,0.272024,0.651578,0.272888
6286,-6.954772,6.973124,-0.062913,-0.046122,-0.091984,0.027037,89.762085,44.672817,89.837997,0.653457,0.272028,0.651555,0.272893
6287,-6.949133,6.971725,-0.061844,-0.046122,-0.082828,0.020933,89.757668,44.672005,89.833900,0.653475,0.272031,0.651533,0.272899
6288,-6.946906,6.974219,-0.060724,-0.043069,-0.082828,0.023985,89.753456,44.671253,89.830032,0.653493,0.272033,0.651512,0.272905
6289,-6.946543,6.971797,-0.058543,-0.044596,-0.079776,0.042296,89.749321,44.670139,89.826218,0.653509,0.272038,0.651490,0.272914
6290,-6.941138,6.966693,-0.054215,-0.035440,-0.085880,0.046874,89.745262,44.668636,89.822342,0.653524,0.272045,0.651468,0.272923
6291,-6.937428,6.967228,-0.054270,-0.033915,-0.088932,0.059081,89.741241,44.666859,89.818260,0.653539,0.272056,0.651444,0.272933
6292,-6.941714,6.966902,-0.056034,-0.036965,-0.088932,0.057555,89.737144,44.664898,89.814110,0.653554,0.272067,0.651420,0.272943
6293,-6.941460,6.968401,-0.058564,-0.027811,-0.093509,0.057555,89.733063,44.662964,89.809837,0.653570,0.272079,0.651396,0.272953
6294,-6.949308,6.973714,-0.059923,-0.018655,-0.104191,0.057555,89.729027,44.661026,89.805222,0.653586,0.272093,0.651370,0.272961
6295,-6.948774,6.970114,-0.060146,-0.020181,-0.108769,0.054504,89.724884,44.659142,89.800240,0.653603,0.272109,0.651344,0.272967
6296,-6.948932,6.966834,-0.062673,-0.012551,-0.105717,0.033141,89.720833,44.657673,89.795242,0.653621,0.272122,0.651319,0.272970
6297,-6.951326,6.964823,-0.060904,-0.006448,-0.114872,0.028563,89.716873,44.656616,89.790070,0.653640,0.272135,0.651295,0.272969
6298,-6.954576,6.961009,-0.064691,-0.012551,-0.101139,0.023985,89.713013,44.655727,89.785011,0.653659,0.272147,0.651271,0.272967
6299,-6.952128,6.963402,-0.062121,-0.020181,-0.099613,0.028563,89.709160,44.654831,89.780312,0.653678,0.272157,0.651249,0.272967
6300,-6.954803,6.966722,-0.062779,-0.020181,-0.088932,0.033141,89.705383,44.653786,89.775902,0.653695,0.272166,0.651227,0.272969
6301,-6.955715,6.970209,-0.061116,-0.035440,-0.093510,0.031614,89.701454,44.652691,89.771629,0.653712,0.272174,0.651205,0.272973
6302,-6.956423,6.962502,-0.062679,-0.041544,-0.087406,0.042296,89.697220,44.651451,89.767426,0.653729,0.272181,0.651182,0.272981
6303,-6.952641,6.961906,-0.058270,-0.036965,-0.098087,0.037718,89.692848,44.650097,89.763069,0.653746,0.272189,0.651158,0.272988
6304,-6.955111,6.964439,-0.055669,-0.035440,-0.093509,0.028563,89.688492,44.648975,89.758591,0.653765,0.272196,0.651134,0.272994
6305,-6.955634,6.959190,-0.055788,-0.049173,-0.105717,0.031615,89.683815,44.647953,89.753937,0.653785,0.272201,0.651109,0.273000
6306,-6.952151,6.961679,-0.058743,-0.035440,-0.105717,0.046874,89.678925,44.646626,89.748985,0.653805,0.272209,0.651083,0.273007
6307,-6.949336,6.967311,-0.060030,-0.038492,-0.108769,0.046874,89.674179,44.645054,89.743988,0.653824,0.272219,0.651056,0.273014
6308,-6.952026,6.964799,-0.062243,-0.038492,-0.114872,0.048400,89.669235,44.643440,89.738770,0.653845,0.272230,0.651028,0.273022
6309,-6.946115,6.960324,-0.068995,-0.043069,-0.120976,0.056029,89.663986,44.641670,89.733238,0.653866,0.272241,0.650998,0.273030
6310,-6.950175,6.959315,-0.069066,-0.049173,-0.116398,0.056029,89.658546,44.639778,89.727692,0.653888,0.272253,0.650967,0.273040
6311,-6.953627,6.954731,-0.066226,-0.050700,-0.110294,0.040770,89.653175,44.638145,89.722404,0.653909,0.272261,0.650938,0.273050
6312,-6.953368,6.957791,-0.062131,-0.043069,-0.107243,0.036193,89.648033,44.636845,89.717316,0.653931,0.272268,0.650910,0.273057
6313,-6.952476,6.962696,-0.062246,-0.055277,-0.101139,0.039244,89.642975,44.635563,89.712448,0.653951,0.272274,0.650884,0.273066
6314,-6.958419,6.963891,-0.058500,-0.052226,-0.099613,0.040770,89.637871,44.634201,89.707741,0.653971,0.272280,0.650857,0.273075
6315,-6.952594,6.963501,-0.063214,-0.026285,-0.102665,0.039244,89.633255,44.632847,89.703018,0.653990,0.272288,0.650832,0.273082
6316,-6.952371,6.964438,-0.062971,-0.033915,-0.113346,0.049926,89.628700,44.631344,89.697975,0.654010,0.272299,0.650805,0.273088
6317,-6.950989,6.967960,-0.062472,-0.043069,-0.124028,0.049926,89.623535,44.629658,89.692444,0.654031,0.272311,0.650776,0.273095
6318,-6.953951,6.966846,-0.063849,-0.040018,-0.127080,0.042296,89.618027,44.628101,89.686584,0.654055,0.272322,0.650745,0.273102
6319,-6.947826,6.962504,-0.068790,-0.041544,-0.120976,0.042296,89.612587,44.626656,89.680771,0.654078,0.272332,0.650715,0.273108
6320,-6.951743,6.969120,-0.061162,-0.050698,-0.114872,0.043822,89.607185,44.625198,89.675270,0.654101,0.272340,0.650685,0.273116
6321,-6.953503,6.970916,-0.065657,-0.046122,-0.102665,0.033141,89.602020,44.623898,89.670204,0.654122,0.272347,0.650657,0.273124
6322,-6.955789,6.963998,-0.066648,-0.038492,-0.091984,0.045348,89.597412,44.622562,89.665657,0.654141,0.272354,0.650633,0.273131
6323,-6.956402,6.962607,-0.064245,-0.024759,-0.084354,0.042296,89.593445,44.621078,89.661522,0.654156,0.272363,0.650610,0.273139
6324,-6.960167,6.963832,-0.062027,-0.015604,-0.084354,0.034666,89.590019,44.619770,89.657593,0.654171,0.272374,0.650589,0.273143
6325,-6.957556,6.966206,-0.062587,-0.027811,-0.084354,0.028563,89.586533,44.618702,89.653664,0.654186,0.272382,0.650569,0.273146
6326,-6.959772,6.966078,-0.058288,-0.032389,-0.081302,0.042296,89.582809,44.617504,89.649788,0.654201,0.272390,0.650548,0.273152
6327,-6.955102,6.968018,-0.059895,-0.030861,-0.084354,0.033141,89.579033,44.616226,89.645920,0.654216,0.272397,0.650526,0.273159
6328,-6.953528,6.962955,-0.055878,-0.033915,-0.088932,0.043822,89.575119,44.614922,89.641869,0.654232,0.272405,0.650504,0.273166
6329,-6.954317,6.966442,-0.054454,-0.036965,-0.095035,0.036193,89.570923,44.613567,89.637581,0.654249,0.272414,0.650481,0.273173
6330,-6.949373,6.964671,-0.054722,-0.032387,-0.102665,0.034666,89.566521,44.612366,89.632965,0.654268,0.272422,0.650456,0.273178
6331,-6.944876,6.959293,-0.053664,-0.035440,-0.104191,0.022459,89.562004,44.611385,89.628136,0.654288,0.272429,0.650432,0.273182
6332,-6.951338,6.958241,-0.053418,-0.043069,-0.099613,0.027037,89.557343,44.610531,89.623375,0.654308,0.272434,0.650407,0.273186
6333,-6.948964,6.959161,-0.061210,-0.053751,-0.104191,0.022459,89.552391,44.609684,89.618607,0.654330,0.272438,0.650382,0.273192
6334,-6.948139,6.959069,-0.060111,-0.064433,-0.095036,0.033141,89.547150,44.608727,89.613953,0.654351,0.272440,0.650356,0.273200
6335,-6.955060,6.958460,-0.061802,-0.064433,-0.093510,0.037718,89.541901,44.607513,89.609535,0.654371,0.272441,0.650330,0.273212
6336,-6.955893,6.967978,-0.063284,-0.058329,-0.102665,0.043822,89.536644,44.606136,89.604958,0.654391,0.272445,0.650304,0.273223
6337,-6.952701,6.971065,-0.063233,-0.059855,-0.105717,0.037719,89.531250,44.604748,89.600098,0.654412,0.272450,0.650276,0.273234
6338,-6.950612,6.974144,-0.061394,-0.056802,-0.098087,0.039245,89.525970,44.603443,89.595345,0.654433,0.272454,0.650249,0.273244
6339,-6.947271,6.977104,-0.063268,-0.046122,-0.105717,0.028563,89.520912,44.602291,89.590584,0.654454,0.272459,0.650223,0.273252
6340,-6.946756,6.981664,-0.061822,-0.046122,-0.104191,0.022459,89.515930,44.601402,89.585678,0.654475,0.272463,0.650197,0.273257
6341,-6.942704,6.974758,-0.061733,-0.049173,-0.091984,0.022459,89.511124,44.600632,89.581100,0.654496,0.272466,0.650173,0.273263
6342,-6.941867,6.969227,-0.056042,-0.032387,-0.096562,0.033141,89.506676,44.599678,89.576698,0.654515,0.272471,0.650149,0.273269
6343,-6.942568,6.975160,-0.054742,-0.033914,-0.099613,0.022459,89.502365,44.598721,89.572128,0.654534,0.272478,0.650126,0.273272
6344,-6.943192,6.970129,-0.056550,-0.035440,-0.091984,0.023985,89.498070,44.597919,89.567650,0.654553,0.272483,0.650103,0.273276
6345,-6.944240,6.963099,-0.060169,-0.023232,-0.087406,0.028563,89.494141,44.597019,89.563461,0.654570,0.272490,0.650081,0.273279
6346,-6.949663,6.966941,-0.061963,-0.015604,-0.096562,0.031615,89.490479,44.595993,89.559166,0.654587,0.272499,0.650060,0.273281
6347,-6.949158,6.972948,-0.069801,-0.020181,-0.093510,0.013303,89.486771,44.595215,89.554726,0.654604,0.272508,0.650039,0.273281
6348,-6.952431,6.969839,-0.072625,-0.012551,-0.099613,0.023985,89.483055,44.594563,89.550217,0.654622,0.272516,0.650018,0.273280
6349,-6.958329,6.966620,-0.067664,-0.011025,-0.102665,0.031615,89.479347,44.593605,89.545486,0.654640,0.272527,0.649995,0.273280
6350,-6.953084,6.973613,-0.064089,-0.012551,-0.107243,0.028563,89.475510,44.592564,89.540588,0.654658,0.272539,0.649972,0.273280
6351,-6.944407,6.974738,-0.059957,-0.012551,-0.104191,0.031615,89.471619,44.591530,89.535652,0.654677,0.272550,0.649948,0.273279
6353,-6.944626,6.972412,-0.059112,-0.021707,-0.099613,0.028563,89.467720,44.590496,89.530899,0.654695,0.272561,0.649925,0.273280
6354,-6.946054,6.976023,-0.054928,-0.015604,-0.085880,0.022459,89.464066,44.589619,89.526581,0.654712,0.272569,0.649904,0.273281
6355,-6.944466,6.980198,-0.061295,-0.014078,-0.090458,0.020933,89.460686,44.588867,89.522461,0.654728,0.272578,0.649884,0.273281
6356,-6.946358,6.972230,-0.063602,-0.012551,-0.090458,0.016355,89.457268,44.588215,89.518234,0.654745,0.272586,0.649865,0.273280
6357,-6.951898,6.965953,-0.064050,-0.014077,-0.085880,0.010252,89.453934,44.587749,89.514114,0.654762,0.272593,0.649846,0.273278
6358,-6.950608,6.965992,-0.061978,-0.020181,-0.096562,0.020933,89.450371,44.587196,89.509850,0.654779,0.272600,0.649826,0.273277
6359,-6.947869,6.959289,-0.062516,-0.015603,-0.111821,0.034667,89.446358,44.586235,89.504990,0.654798,0.272610,0.649802,0.273277
6360,-6.946511,6.956697,-0.054170,-0.018655,-0.108769,0.030089,89.442177,44.585117,89.499847,0.654818,0.272622,0.649777,0.273278
6361,-6.945081,6.963839,-0.052232,-0.015603,-0.102665,0.034667,89.438141,44.584011,89.494911,0.654836,0.272633,0.649753,0.273279
6362,-6.946510,6.963808,-0.052860,-0.017129,-0.110295,0.039244,89.434105,44.582737,89.489944,0.654855,0.272645,0.649729,0.273281
6363,-6.948245,6.971084,-0.056162,-0.001870,-0.102665,0.031614,89.430313,44.581524,89.484978,0.654873,0.272659,0.649705,0.273281
6364,-6.952371,6.975539,-0.057090,-0.021707,-0.090458,0.023985,89.426765,44.580570,89.480476,0.654890,0.272669,0.649683,0.273281
6365,-6.956004,6.979187,-0.058128,-0.018655,-0.090458,0.020933,89.423119,44.579788,89.476250,0.654907,0.272677,0.649663,0.273282
6366,-6.957116,6.978605,-0.055134,-0.032387,-0.099613,0.025511,89.419159,44.578983,89.471809,0.654925,0.272684,0.649641,0.273283
6367,-6.958055,6.983492,-0.052993,-0.030861,-0.105717,0.027037,89.414742,44.578079,89.467026,0.654945,0.272691,0.649617,0.273286
6368,-6.960433,6.979046,-0.049893,-0.027811,-0.102665,0.031615,89.410355,44.577068,89.462166,0.654964,0.272699,0.649592,0.273289
6369,-6.956440,6.975058,-0.048486,-0.015603,-0.095035,0.033141,89.406395,44.575951,89.457558,0.654982,0.272709,0.649569,0.273292
6370,-6.955135,6.976415,-0.057383,-0.012550,-0.104191,0.036193,89.402664,44.574760,89.452919,0.654999,0.272721,0.649546,0.273293
6371,-6.954020,6.973990,-0.057599,-0.004921,-0.091984,0.028563,89.399178,44.573647,89.448349,0.655016,0.272733,0.649524,0.273293
6372,-6.952531,6.970526,-0.057685,0.004234,-0.084354,0.025511,89.396263,44.572708,89.444221,0.655031,0.272745,0.649505,0.273291
6373,-6.951158,6.971103,-0.062120,-0.006446,-0.088932,0.030089,89.393394,44.571754,89.440186,0.655045,0.272757,0.649486,0.273290
6374,-6.954538,6.973940,-0.063272,-0.006446,-0.101139,0.031615,89.390083,44.570694,89.435768,0.655061,0.272769,0.649465,0.273289
6375,-6.953121,6.970627,-0.058419,-0.020181,-0.104191,0.042296,89.386276,44.569431,89.430977,0.655078,0.272782,0.649442,0.273291
6376,-6.958186,6.976556,-0.062260,-0.021707,-0.102665,0.046874,89.382202,44.567905,89.426163,0.655096,0.272795,0.649417,0.273295
6377,-6.956934,6.979788,-0.069234,-0.030861,-0.095035,0.033141,89.378090,44.566544,89.421555,0.655114,0.272805,0.649393,0.273300
6378,-6.958198,6.976099,-0.060933,-0.020181,-0.087406,0.027037,89.374260,44.565502,89.417305,0.655130,0.272813,0.649371,0.273303
6379,-6.959731,6.976982,-0.063614,-0.024759,-0.088932,0.022459,89.370621,44.564644,89.413185,0.655147,0.272820,0.649350,0.273305
6380,-6.957149,6.978445,-0.061160,-0.021707,-0.081302,0.013304,89.367058,44.564018,89.409218,0.655163,0.272826,0.649331,0.273306
6381,-6.959195,6.975059,-0.057213,-0.020181,-0.087406,0.001096,89.363594,44.563755,89.405273,0.655180,0.272830,0.649313,0.273305
6382,-6.959556,6.977425,-0.050958,-0.000344,-0.101139,0.011778,89.360161,44.563499,89.400864,0.655199,0.272837,0.649293,0.273300
6383,-6.960655,6.977931,-0.058572,-0.017129,-0.104191,0.027037,89.356506,44.562809,89.396072,0.655217,0.272847,0.649272,0.273298
6384,-6.955565,6.979794,-0.055832,-0.024759,-0.102665,0.022459,89.352417,44.561947,89.391243,0.655236,0.272856,0.649248,0.273298
6385,-6.957308,6.979040,-0.058995,-0.021707,-0.102665,0.023985,89.348282,44.561138,89.386452,0.655256,0.272864,0.649225,0.273299
6386,-6.949800,6.978333,-0.063678,-0.030861,-0.108769,0.036193,89.343948,44.560093,89.381523,0.655275,0.272873,0.649200,0.273301
6387,-6.950415,6.977521,-0.061759,-0.044596,-0.104191,0.042296,89.339211,44.558750,89.376564,0.655295,0.272882,0.649174,0.273307
6388,-6.952228,6.981600,-0.056257,-0.033914,-0.101139,0.034667,89.334549,44.557426,89.371780,0.655315,0.272890,0.649148,0.273314
6389,-6.952460,6.979165,-0.054328,-0.030861,-0.101139,0.039245,89.330162,44.556152,89.367065,0.655334,0.272899,0.649123,0.273319
6390,-6.953406,6.977176,-0.053256,-0.029336,-0.099613,0.034667,89.325890,44.554882,89.362404,0.655352,0.272908,0.649099,0.273324
6391,-6.955442,6.977600,-0.053776,-0.027811,-0.091984,0.030089,89.321793,44.553761,89.357925,0.655370,0.272916,0.649076,0.273328
6392,-6.955643,6.972375,-0.051358,-0.036965,-0.084354,0.033141,89.317841,44.552673,89.353828,0.655386,0.272923,0.649054,0.273333
6393,-6.956223,6.972816,-0.053177,-0.033915,-0.093510,0.028563,89.313751,44.551613,89.349686,0.655404,0.272929,0.649032,0.273338
6394,-6.957385,6.979193,-0.053694,-0.033915,-0.081302,0.033141,89.309761,44.550549,89.345612,0.655420,0.272935,0.649010,0.273344
6395,-6.953361,6.983802,-0.054596,-0.040018,-0.081302,0.036193,89.305870,44.549362,89.341827,0.655436,0.272941,0.648989,0.273351
6396,-6.953330,6.985003,-0.049536,-0.024759,-0.088932,0.042296,89.302010,44.548016,89.337860,0.655451,0.272949,0.648967,0.273357
6397,-6.951653,6.988965,-0.053371,-0.026285,-0.088932,0.046874,89.298271,44.546501,89.333740,0.655467,0.272960,0.648944,0.273364
6398,-6.946105,6.974083,-0.049381,-0.026285,-0.090458,0.057555,89.294472,44.544720,89.329575,0.655482,0.272972,0.648921,0.273372
6399,-6.949279,6.964455,-0.052671,-0.027811,-0.108769,0.062133,89.290329,44.542686,89.324959,0.655498,0.272986,0.648895,0.273380
6400,-6.950636,6.966529,-0.051977,-0.014077,-0.104191,0.060607,89.286156,44.540588,89.320000,0.655515,0.273002,0.648868,0.273387
6401,-6.951822,6.967194,-0.053567,-0.029336,-0.104191,0.068237,89.282036,44.538399,89.315163,0.655531,0.273018,0.648841,0.273395
6402,-6.955637,6.964800,-0.052667,-0.024759,-0.104191,0.063659,89.277748,44.536160,89.310333,0.655547,0.273034,0.648814,0.273405
6403,-6.957877,6.974276,-0.056344,-0.036965,-0.099613,0.051452,89.273407,44.534195,89.305603,0.655564,0.273047,0.648788,0.273414
6404,-6.953820,6.967367,-0.056616,-0.040018,-0.087406,0.049926,89.269073,44.532467,89.301262,0.655581,0.273057,0.648763,0.273423
6405,-6.951255,6.957738,-0.058838,-0.047648,-0.088932,0.049926,89.264748,44.530766,89.297173,0.655597,0.273065,0.648739,0.273434
6406,-6.955900,6.950871,-0.062643,-0.038492,-0.081302,0.051452,89.260551,44.529045,89.293228,0.655613,0.273073,0.648715,0.273445
6407,-6.953483,6.951947,-0.065133,-0.035440,-0.084354,0.051452,89.256615,44.527294,89.289383,0.655627,0.273082,0.648692,0.273455
6408,-6.958213,6.954198,-0.063416,-0.026285,-0.084354,0.062133,89.252846,44.525356,89.285469,0.655641,0.273094,0.648669,0.273465
6409,-6.958776,6.965962,-0.060801,-0.020181,-0.090458,0.056029,89.249245,44.523357,89.281433,0.655655,0.273107,0.648646,0.273474
6410,-6.962965,6.972413,-0.059204,-0.020181,-0.091984,0.057555,89.245598,44.521423,89.277199,0.655669,0.273122,0.648622,0.273481
6411,-6.957045,6.976491,-0.058021,-0.023232,-0.091984,0.048400,89.241882,44.519615,89.272926,0.655684,0.273135,0.648599,0.273488
6412,-6.956725,6.983104,-0.061886,-0.023232,-0.087406,0.048400,89.238197,44.517963,89.268776,0.655699,0.273147,0.648576,0.273495
6413,-6.952936,6.980364,-0.064342,-0.021707,-0.091984,0.043822,89.234520,44.516376,89.264595,0.655714,0.273158,0.648553,0.273500
6414,-6.950654,6.981329,-0.065628,-0.015604,-0.090458,0.042296,89.230934,44.514908,89.260361,0.655729,0.273170,0.648531,0.273505
6415,-6.953525,6.984161,-0.068941,-0.009500,-0.072146,0.043822,89.227867,44.513435,89.256592,0.655742,0.273182,0.648511,0.273509
6416,-6.959899,6.982203,-0.065437,-0.009500,-0.073672,0.049926,89.225197,44.511845,89.253220,0.655753,0.273195,0.648493,0.273514
6417,-6.960803,6.974647,-0.061821,-0.007974,-0.079776,0.042296,89.222397,44.510277,89.249664,0.655764,0.273208,0.648474,0.273518
6418,-6.960116,6.977450,-0.062297,-0.018655,-0.082828,0.048400,89.219307,44.508720,89.245880,0.655777,0.273221,0.648454,0.273523
6419,-6.962772,6.967410,-0.059431,-0.021707,-0.082828,0.065185,89.215958,44.506798,89.242058,0.655790,0.273234,0.648432,0.273531
6420,-6.958101,6.963571,-0.055240,-0.014077,-0.104191,0.077392,89.212318,44.504372,89.237717,0.655803,0.273251,0.648407,0.273541
6421,-6.955528,6.962435,-0.058083,-0.001870,-0.114872,0.075866,89.208496,44.501770,89.232658,0.655818,0.273273,0.648379,0.273548
6422,-6.955682,6.962565,-0.055796,-0.006446,-0.110295,0.075866,89.204704,44.499195,89.227448,0.655834,0.273296,0.648351,0.273554
6423,-6.951301,6.954756,-0.052566,0.005760,-0.105717,0.068237,89.201195,44.496742,89.222443,0.655849,0.273318,0.648325,0.273560
6424,-6.951278,6.956247,-0.055702,0.005760,-0.105717,0.059081,89.197952,44.494572,89.217545,0.655863,0.273339,0.648300,0.273562
6425,-6.956764,6.956361,-0.057851,0.001182,-0.111821,0.048400,89.194534,44.492733,89.212502,0.655879,0.273359,0.648275,0.273563
6426,-6.953340,6.955527,-0.053328,-0.009500,-0.105717,0.048400,89.190857,44.491070,89.207458,0.655896,0.273376,0.648251,0.273565
6427,-6.954798,6.958052,-0.054445,-0.003396,-0.108769,0.059081,89.187149,44.489223,89.202477,0.655912,0.273393,0.648225,0.273567
6428,-6.961606,6.967564,-0.057241,-0.000344,-0.101139,0.072815,89.183685,44.486973,89.197617,0.655927,0.273414,0.648200,0.273572
6429,-6.964674,6.969738,-0.054409,-0.004922,-0.099613,0.077392,89.180351,44.484421,89.192986,0.655940,0.273435,0.648175,0.273579
6430,-6.958562,6.967889,-0.052365,-0.017129,-0.091984,0.075867,89.176880,44.481823,89.188560,0.655953,0.273455,0.648149,0.273588
6431,-6.959304,6.971816,-0.054677,-0.029336,-0.087406,0.068237,89.173210,44.479382,89.184418,0.655966,0.273471,0.648125,0.273599
6432,-6.955179,6.972854,-0.050748,-0.033915,-0.091984,0.059081,89.169250,44.477219,89.180275,0.655980,0.273485,0.648100,0.273610
6433,-6.948724,6.969749,-0.046285,-0.038492,-0.096562,0.045348,89.164963,44.475422,89.175888,0.655997,0.273495,0.648075,0.273619
6434,-6.947921,6.976369,-0.050383,-0.041544,-0.098087,0.036193,89.160477,44.474014,89.171379,0.656015,0.273503,0.648050,0.273627
6435,-6.950271,6.973413,-0.050781,-0.035440,-0.091984,0.048400,89.156105,44.472561,89.166969,0.656033,0.273511,0.648025,0.273635
6436,-6.948548,6.972844,-0.053399,-0.032389,-0.091984,0.057555,89.151993,44.470753,89.162720,0.656049,0.273522,0.648001,0.273644
6437,-6.947910,6.961737,-0.062040,-0.024759,-0.093509,0.057555,89.148041,44.468788,89.158424,0.656064,0.273535,0.647976,0.273653
6438,-6.953338,6.958354,-0.064783,-0.041544,-0.090458,0.054503,89.143944,44.466866,89.154160,0.656079,0.273546,0.647952,0.273662
6439,-6.949749,6.954381,-0.060250,-0.035440,-0.093510,0.057555,89.139679,44.464951,89.149902,0.656095,0.273557,0.647927,0.273673
6440,-6.949360,6.961021,-0.060498,-0.046122,-0.099613,0.051451,89.135193,44.463089,89.145439,0.656112,0.273567,0.647901,0.273683
6441,-6.951331,6.963091,-0.058852,-0.038492,-0.104191,0.045348,89.130486,44.461430,89.140717,0.656131,0.273576,0.647874,0.273693
6442,-6.950358,6.969635,-0.057884,-0.043069,-0.110295,0.048400,89.125641,44.459812,89.135750,0.656151,0.273586,0.647847,0.273701
6443,-6.948038,6.976998,-0.059787,-0.029336,-0.122502,0.060607,89.120659,44.457943,89.130356,0.656171,0.273598,0.647817,0.273709
6444,-6.948016,6.975948,-0.060266,-0.015603,-0.122502,0.057555,89.115929,44.455910,89.124672,0.656191,0.273615,0.647787,0.273714
6445,-6.949702,6.976266,-0.060056,-0.003396,-0.116398,0.049926,89.111732,44.454056,89.119141,0.656210,0.273633,0.647759,0.273717
6446,-6.949298,6.971106,-0.066545,-0.009500,-0.119450,0.045348,89.107689,44.452412,89.113663,0.656229,0.273650,0.647733,0.273718
6447,-6.956160,6.970414,-0.063776,-0.012550,-0.104191,0.031614,89.103668,44.451061,89.108459,0.656248,0.273664,0.647707,0.273718
6448,-6.960374,6.961154,-0.061663,-0.015603,-0.101139,0.020933,89.099869,44.450138,89.103699,0.656267,0.273674,0.647684,0.273718
6449,-6.963300,6.960022,-0.065570,-0.024759,-0.093510,0.020933,89.096024,44.449390,89.099167,0.656285,0.273682,0.647663,0.273718
6450,-6.962082,6.956684,-0.063613,-0.018655,-0.091984,0.028563,89.092278,44.448517,89.094856,0.656302,0.273690,0.647641,0.273719
6451,-6.959577,6.959803,-0.057307,-0.004922,-0.087406,0.040770,89.088974,44.447315,89.090698,0.656317,0.273701,0.647620,0.273721
6452,-6.958188,6.964592,-0.058618,-0.004922,-0.096561,0.048400,89.085808,44.445774,89.086418,0.656331,0.273716,0.647599,0.273723
6453,-6.951639,6.968320,-0.059231,-0.001870,-0.087406,0.043822,89.082718,44.444202,89.082169,0.656345,0.273732,0.647577,0.273725
6454,-6.948182,6.967702,-0.057238,-0.006448,-0.096561,0.046874,89.079582,44.442627,89.077896,0.656359,0.273747,0.647556,0.273727
6456,-6.951346,6.970209,-0.056337,-0.011025,-0.102665,0.036193,89.076057,44.441193,89.073280,0.656376,0.273761,0.647533,0.273729
6457,-6.959316,6.969912,-0.060458,-0.014077,-0.099613,0.028563,89.072350,44.440056,89.068581,0.656393,0.273772,0.647510,0.273730
6458,-6.958307,6.966323,-0.060432,-0.011025,-0.088932,0.030089,89.068871,44.439030,89.064201,0.656409,0.273783,0.647489,0.273730
6459,-6.961387,6.964397,-0.061086,-0.007974,-0.096561,0.046874,89.065544,44.437702,89.059906,0.656425,0.273796,0.647467,0.273732
6460,-6.961943,6.960205,-0.060002,-0.012551,-0.096561,0.046874,89.062080,44.436089,89.055443,0.656440,0.273810,0.647444,0.273735
6461,-6.956533,6.961224,-0.062075,-0.030863,-0.096561,0.052977,89.058228,44.434372,89.050972,0.656456,0.273823,0.647420,0.273741
